EXERCÍCIO 01
Teste Tração 01
 L0 = 100.00 mm
 d0 =  10.00 mm
 A  =  78.45 mm² (no limite de proporcionalidade)
  Carga [kN]  Desloc [mm]
      0.0000       0.0000
      0.5145       0.0036
      1.0290       0.0072
      1.5435       0.0107
      2.0581       0.0143
      2.5726       0.0179
      3.0871       0.0215
      3.6016       0.0251
      4.1161       0.0286
      4.6306       0.0322
      5.1452       0.0358
      5.6597       0.0394
      6.1742       0.0430
      6.6887       0.0465
      7.2032       0.0501
      7.7177       0.0537
      8.2323       0.0573
      8.7468       0.0609
      9.2613       0.0644
      9.7758       0.0680
     10.2903       0.0716
     10.8048       0.0752
     11.3194       0.0788
     11.8339       0.0823
     12.3484       0.0859
     12.8629       0.0895
     13.3774       0.0931
     13.8919       0.0967
     14.4064       0.1002
     14.9210       0.1038
     15.4355       0.1074
     15.9500       0.1110
     16.4645       0.1146
     16.9790       0.1181
     17.4935       0.1217
     18.0081       0.1253
     18.5226       0.1289
     19.0371       0.1325
     19.5516       0.1360
     20.0661       0.1396
     20.5806       0.1432
     21.0952       0.1468
     21.6097       0.1504
     22.1242       0.1539
     22.6387       0.1575
     23.1532       0.1611
     23.6677       0.1647
     24.1822       0.1683
     24.6968       0.1718
     25.2113       0.1754

Teste Tração 02
 L0 = 100.00 mm
 d0 =  10.00 mm
  Carga [kN]  Desloc [mm]
      0.0000       0.0123
      0.8404       0.0182
      1.6808       0.0240
      2.5211       0.0299
      3.3615       0.0357
      4.2019       0.0416
      5.0423       0.0474
      5.8826       0.0532
      6.7230       0.0591
      7.5634       0.0649
      8.4038       0.0708
      9.2441       0.0766
     10.0845       0.0825
     10.9249       0.0883
     11.7653       0.0942
     12.6056       0.1000
     13.4460       0.1059
     14.2864       0.1117
     15.1268       0.1176
     15.9671       0.1234
     16.8075       0.1293
     17.6479       0.1351
     18.4883       0.1410
     19.3286       0.1468
     20.1690       0.1526
     21.0094       0.1585
     21.8498       0.1643
     22.6902       0.1702
     23.5305       0.1760
     24.3709       0.1819
     25.2113       0.1877

EXERCÍCIO 02
 a = 315.00 mm
 b = 220.00 mm
 δ =   0.11 mm

EXERCÍCIO 03
 Item a
 b =  80.00 mm
