EXERCÍCIO 01
Teste Tração 01
 L0 = 100.00 mm
 d0 =  10.00 mm
 A  =  78.48 mm² (no limite de proporcionalidade)
  Carga [kN]  Desloc [mm]
      0.0000       0.0000
      0.4327       0.0026
      0.8654       0.0053
      1.2981       0.0079
      1.7308       0.0106
      2.1635       0.0132
      2.5963       0.0159
      3.0290       0.0185
      3.4617       0.0212
      3.8944       0.0238
      4.3271       0.0265
      4.7598       0.0291
      5.1925       0.0318
      5.6252       0.0344
      6.0579       0.0371
      6.4906       0.0397
      6.9234       0.0424
      7.3561       0.0450
      7.7888       0.0477
      8.2215       0.0503
      8.6542       0.0530
      9.0869       0.0556
      9.5196       0.0583
      9.9523       0.0609
     10.3850       0.0636
     10.8177       0.0662
     11.2505       0.0689
     11.6832       0.0715
     12.1159       0.0742
     12.5486       0.0768
     12.9813       0.0795
     13.4140       0.0821
     13.8467       0.0848
     14.2794       0.0874
     14.7121       0.0901
     15.1448       0.0927
     15.5776       0.0954
     16.0103       0.0980
     16.4430       0.1007
     16.8757       0.1033
     17.3084       0.1060
     17.7411       0.1086
     18.1738       0.1112
     18.6065       0.1139
     19.0392       0.1165
     19.4719       0.1192
     19.9047       0.1218
     20.3374       0.1245
     20.7701       0.1271
     21.2028       0.1298
     21.6355       0.1324
     22.0682       0.1351
     22.5009       0.1377
     22.9336       0.1404

Teste Tração 02
 L0 = 100.00 mm
 d0 =  10.00 mm
  Carga [kN]  Desloc [mm]
      0.0000       0.0095
      0.6198       0.0133
      1.2397       0.0171
      1.8595       0.0209
      2.4793       0.0247
      3.0991       0.0285
      3.7190       0.0323
      4.3388       0.0361
      4.9586       0.0399
      5.5784       0.0437
      6.1983       0.0475
      6.8181       0.0513
      7.4379       0.0551
      8.0578       0.0588
      8.6776       0.0626
      9.2974       0.0664
      9.9172       0.0702
     10.5371       0.0740
     11.1569       0.0778
     11.7767       0.0816
     12.3966       0.0854
     13.0164       0.0892
     13.6362       0.0930
     14.2560       0.0968
     14.8759       0.1006
     15.4957       0.1044
     16.1155       0.1082
     16.7353       0.1120
     17.3552       0.1158
     17.9750       0.1196
     18.5948       0.1233
     19.2147       0.1271
     19.8345       0.1309
     20.4543       0.1347
     21.0741       0.1385
     21.6940       0.1423
     22.3138       0.1461
     22.9336       0.1499

EXERCÍCIO 02
 a = 315.00 mm
 b = 250.00 mm
 δ =   0.06 mm

EXERCÍCIO 03
 Item b
 d = 110.00 mm
