EXERCÍCIO 01
Teste Tração 01
 L0 = 100.00 mm
 d0 =  10.00 mm
 A  =  78.47 mm² (no limite de proporcionalidade)
  Carga [kN]  Desloc [mm]
      0.0000       0.0000
      0.4050       0.0026
      0.8100       0.0052
      1.2151       0.0078
      1.6201       0.0104
      2.0251       0.0130
      2.4301       0.0155
      2.8351       0.0181
      3.2402       0.0207
      3.6452       0.0233
      4.0502       0.0259
      4.4552       0.0285
      4.8602       0.0311
      5.2652       0.0337
      5.6703       0.0363
      6.0753       0.0389
      6.4803       0.0415
      6.8853       0.0441
      7.2903       0.0466
      7.6954       0.0492
      8.1004       0.0518
      8.5054       0.0544
      8.9104       0.0570
      9.3154       0.0596
      9.7205       0.0622
     10.1255       0.0648
     10.5305       0.0674
     10.9355       0.0700
     11.3405       0.0726
     11.7456       0.0752
     12.1506       0.0777
     12.5556       0.0803
     12.9606       0.0829
     13.3656       0.0855
     13.7706       0.0881
     14.1757       0.0907
     14.5807       0.0933
     14.9857       0.0959
     15.3907       0.0985
     15.7957       0.1011
     16.2008       0.1037
     16.6058       0.1062
     17.0108       0.1088
     17.4158       0.1114
     17.8208       0.1140
     18.2259       0.1166
     18.6309       0.1192
     19.0359       0.1218
     19.4409       0.1244
     19.8459       0.1270
     20.2510       0.1296
     20.6560       0.1322

Teste Tração 02
 L0 = 100.00 mm
 d0 =  10.00 mm
  Carga [kN]  Desloc [mm]
      0.0000       0.0142
      0.6259       0.0182
      1.2519       0.0222
      1.8778       0.0263
      2.5038       0.0303
      3.1297       0.0343
      3.7556       0.0383
      4.3816       0.0423
      5.0075       0.0463
      5.6334       0.0503
      6.2594       0.0543
      6.8853       0.0583
      7.5113       0.0623
      8.1372       0.0663
      8.7631       0.0703
      9.3891       0.0743
     10.0150       0.0783
     10.6410       0.0823
     11.2669       0.0863
     11.8928       0.0903
     12.5188       0.0943
     13.1447       0.0983
     13.7706       0.1023
     14.3966       0.1064
     15.0225       0.1104
     15.6485       0.1144
     16.2744       0.1184
     16.9003       0.1224
     17.5263       0.1264
     18.1522       0.1304
     18.7782       0.1344
     19.4041       0.1384
     20.0300       0.1424
     20.6560       0.1464

EXERCÍCIO 02
 a = 300.00 mm
 b = 255.00 mm
 δ =   0.26 mm

EXERCÍCIO 03
 Item a
 b = 105.00 mm
