EXERCÍCIO 01
Teste Tração 01
 L0 = 100.00 mm
 d0 =  10.00 mm
 A  =  78.46 mm² (no limite de proporcionalidade)
  Carga [kN]  Desloc [mm]
      0.0000       0.0000
      0.5172       0.0036
      1.0344       0.0072
      1.5515       0.0108
      2.0687       0.0144
      2.5859       0.0180
      3.1031       0.0216
      3.6202       0.0252
      4.1374       0.0288
      4.6546       0.0324
      5.1718       0.0360
      5.6890       0.0396
      6.2061       0.0432
      6.7233       0.0468
      7.2405       0.0504
      7.7577       0.0540
      8.2748       0.0576
      8.7920       0.0612
      9.3092       0.0648
      9.8264       0.0684
     10.3435       0.0720
     10.8607       0.0756
     11.3779       0.0792
     11.8951       0.0828
     12.4123       0.0864
     12.9294       0.0900
     13.4466       0.0936
     13.9638       0.0972
     14.4810       0.1008
     14.9981       0.1044
     15.5153       0.1079
     16.0325       0.1115
     16.5497       0.1151
     17.0669       0.1187
     17.5840       0.1223
     18.1012       0.1259
     18.6184       0.1295
     19.1356       0.1331
     19.6527       0.1367
     20.1699       0.1403
     20.6871       0.1439
     21.2043       0.1475
     21.7214       0.1511
     22.2386       0.1547
     22.7558       0.1583
     23.2730       0.1619
     23.7902       0.1655
     24.3073       0.1691
     24.8245       0.1727
     25.3417       0.1763
     25.8589       0.1799
     26.3760       0.1835
     26.8932       0.1871
     27.4104       0.1907

Teste Tração 02
 L0 = 100.00 mm
 d0 =  10.00 mm
  Carga [kN]  Desloc [mm]
      0.0000       0.0142
      0.8062       0.0198
      1.6124       0.0254
      2.4186       0.0310
      3.2248       0.0366
      4.0309       0.0422
      4.8371       0.0478
      5.6433       0.0534
      6.4495       0.0590
      7.2557       0.0646
      8.0619       0.0703
      8.8681       0.0759
      9.6743       0.0815
     10.4804       0.0871
     11.2866       0.0927
     12.0928       0.0983
     12.8990       0.1039
     13.7052       0.1095
     14.5114       0.1151
     15.3176       0.1207
     16.1238       0.1263
     16.9300       0.1320
     17.7361       0.1376
     18.5423       0.1432
     19.3485       0.1488
     20.1547       0.1544
     20.9609       0.1600
     21.7671       0.1656
     22.5733       0.1712
     23.3795       0.1768
     24.1856       0.1824
     24.9918       0.1880
     25.7980       0.1937
     26.6042       0.1993
     27.4104       0.2049

EXERCÍCIO 02
 a = 340.00 mm
 b = 260.00 mm
 δ =   0.09 mm

EXERCÍCIO 03
 Item b
 d = 135.00 mm
