EXERCÍCIO 01
Teste Tração 01
 L0 = 100.00 mm
 d0 =  10.00 mm
 A  =  78.45 mm² (no limite de proporcionalidade)
  Carga [kN]  Desloc [mm]
      0.0000       0.0000
      0.4935       0.0035
      0.9869       0.0069
      1.4804       0.0104
      1.9739       0.0138
      2.4673       0.0173
      2.9608       0.0207
      3.4543       0.0242
      3.9477       0.0276
      4.4412       0.0311
      4.9347       0.0345
      5.4281       0.0380
      5.9216       0.0414
      6.4151       0.0449
      6.9085       0.0483
      7.4020       0.0518
      7.8955       0.0552
      8.3889       0.0587
      8.8824       0.0621
      9.3759       0.0656
      9.8693       0.0690
     10.3628       0.0725
     10.8563       0.0759
     11.3497       0.0794
     11.8432       0.0829
     12.3367       0.0863
     12.8301       0.0898
     13.3236       0.0932
     13.8171       0.0967
     14.3105       0.1001
     14.8040       0.1036
     15.2975       0.1070
     15.7909       0.1105
     16.2844       0.1139
     16.7779       0.1174
     17.2714       0.1208
     17.7648       0.1243
     18.2583       0.1277
     18.7518       0.1312
     19.2452       0.1346
     19.7387       0.1381
     20.2322       0.1415
     20.7256       0.1450
     21.2191       0.1484
     21.7126       0.1519
     22.2060       0.1553
     22.6995       0.1588
     23.1930       0.1623
     23.6864       0.1657
     24.1799       0.1692
     24.6734       0.1726
     25.1668       0.1761
     25.6603       0.1795
     26.1538       0.1830

Teste Tração 02
 L0 = 100.00 mm
 d0 =  10.00 mm
  Carga [kN]  Desloc [mm]
      0.0000       0.0102
      0.7265       0.0153
      1.4530       0.0204
      2.1795       0.0255
      2.9060       0.0306
      3.6325       0.0357
      4.3590       0.0407
      5.0855       0.0458
      5.8119       0.0509
      6.5384       0.0560
      7.2649       0.0611
      7.9914       0.0661
      8.7179       0.0712
      9.4444       0.0763
     10.1709       0.0814
     10.8974       0.0865
     11.6239       0.0916
     12.3504       0.0966
     13.0769       0.1017
     13.8034       0.1068
     14.5299       0.1119
     15.2564       0.1170
     15.9829       0.1221
     16.7093       0.1271
     17.4358       0.1322
     18.1623       0.1373
     18.8888       0.1424
     19.6153       0.1475
     20.3418       0.1525
     21.0683       0.1576
     21.7948       0.1627
     22.5213       0.1678
     23.2478       0.1729
     23.9743       0.1780
     24.7008       0.1830
     25.4273       0.1881
     26.1538       0.1932

EXERCÍCIO 02
 a = 330.00 mm
 b = 255.00 mm
 δ =   0.10 mm

EXERCÍCIO 03
 Item a
 b =  95.00 mm
