EXERCÍCIO 01
Teste Tração 01
 L0 = 100.00 mm
 d0 =  10.00 mm
 A  =  78.48 mm² (no limite de proporcionalidade)
  Carga [kN]  Desloc [mm]
      0.0000       0.0000
      0.3656       0.0025
      0.7311       0.0050
      1.0967       0.0075
      1.4623       0.0101
      1.8278       0.0126
      2.1934       0.0151
      2.5590       0.0176
      2.9245       0.0201
      3.2901       0.0226
      3.6557       0.0252
      4.0212       0.0277
      4.3868       0.0302
      4.7524       0.0327
      5.1179       0.0352
      5.4835       0.0377
      5.8491       0.0403
      6.2146       0.0428
      6.5802       0.0453
      6.9458       0.0478
      7.3113       0.0503
      7.6769       0.0528
      8.0425       0.0554
      8.4080       0.0579
      8.7736       0.0604
      9.1392       0.0629
      9.5047       0.0654
      9.8703       0.0679
     10.2359       0.0704
     10.6014       0.0730
     10.9670       0.0755
     11.3326       0.0780
     11.6981       0.0805
     12.0637       0.0830
     12.4293       0.0855
     12.7949       0.0881
     13.1604       0.0906
     13.5260       0.0931
     13.8916       0.0956
     14.2571       0.0981
     14.6227       0.1006
     14.9883       0.1032
     15.3538       0.1057
     15.7194       0.1082
     16.0850       0.1107
     16.4505       0.1132
     16.8161       0.1157
     17.1817       0.1183
     17.5472       0.1208
     17.9128       0.1233
     18.2784       0.1258
     18.6439       0.1283
     19.0095       0.1308
     19.3751       0.1333
     19.7406       0.1359
     20.1062       0.1384

Teste Tração 02
 L0 = 100.00 mm
 d0 =  10.00 mm
  Carga [kN]  Desloc [mm]
      0.0000       0.0112
      0.6933       0.0160
      1.3866       0.0207
      2.0800       0.0255
      2.7733       0.0303
      3.4666       0.0351
      4.1599       0.0398
      4.8532       0.0446
      5.5465       0.0494
      6.2399       0.0541
      6.9332       0.0589
      7.6265       0.0637
      8.3198       0.0685
      9.0131       0.0732
      9.7064       0.0780
     10.3998       0.0828
     11.0931       0.0875
     11.7864       0.0923
     12.4797       0.0971
     13.1730       0.1019
     13.8663       0.1066
     14.5597       0.1114
     15.2530       0.1162
     15.9463       0.1209
     16.6396       0.1257
     17.3329       0.1305
     18.0262       0.1353
     18.7196       0.1400
     19.4129       0.1448
     20.1062       0.1496

EXERCÍCIO 02
 a = 330.00 mm
 b = 240.00 mm
 δ =   0.20 mm

EXERCÍCIO 03
 Item b
 d = 110.00 mm
