EXERCÍCIO 01
Teste Tração 01
 L0 = 100.00 mm
 d0 =  10.00 mm
 A  =  78.48 mm² (no limite de proporcionalidade)
  Carga [kN]  Desloc [mm]
      0.0000       0.0000
      0.3985       0.0026
      0.7970       0.0052
      1.1956       0.0078
      1.5941       0.0104
      1.9926       0.0129
      2.3911       0.0155
      2.7896       0.0181
      3.1881       0.0207
      3.5867       0.0233
      3.9852       0.0259
      4.3837       0.0285
      4.7822       0.0311
      5.1807       0.0337
      5.5792       0.0362
      5.9778       0.0388
      6.3763       0.0414
      6.7748       0.0440
      7.1733       0.0466
      7.5718       0.0492
      7.9703       0.0518
      8.3689       0.0544
      8.7674       0.0570
      9.1659       0.0595
      9.5644       0.0621
      9.9629       0.0647
     10.3614       0.0673
     10.7600       0.0699
     11.1585       0.0725
     11.5570       0.0751
     11.9555       0.0777
     12.3540       0.0803
     12.7525       0.0828
     13.1511       0.0854
     13.5496       0.0880
     13.9481       0.0906
     14.3466       0.0932
     14.7451       0.0958
     15.1436       0.0984
     15.5422       0.1010
     15.9407       0.1036
     16.3392       0.1061
     16.7377       0.1087
     17.1362       0.1113
     17.5347       0.1139
     17.9333       0.1165
     18.3318       0.1191
     18.7303       0.1217
     19.1288       0.1243
     19.5273       0.1269
     19.9258       0.1294
     20.3244       0.1320
     20.7229       0.1346
     21.1214       0.1372
     21.5199       0.1398

Teste Tração 02
 L0 = 100.00 mm
 d0 =  10.00 mm
  Carga [kN]  Desloc [mm]
      0.0000       0.0111
      0.6725       0.0155
      1.3450       0.0199
      2.0175       0.0242
      2.6900       0.0286
      3.3625       0.0330
      4.0350       0.0373
      4.7075       0.0417
      5.3800       0.0461
      6.0525       0.0504
      6.7250       0.0548
      7.3975       0.0592
      8.0700       0.0635
      8.7425       0.0679
      9.4150       0.0723
     10.0875       0.0766
     10.7600       0.0810
     11.4325       0.0854
     12.1049       0.0898
     12.7774       0.0941
     13.4499       0.0985
     14.1224       0.1029
     14.7949       0.1072
     15.4674       0.1116
     16.1399       0.1160
     16.8124       0.1203
     17.4849       0.1247
     18.1574       0.1291
     18.8299       0.1334
     19.5024       0.1378
     20.1749       0.1422
     20.8474       0.1465
     21.5199       0.1509

EXERCÍCIO 02
 a = 345.00 mm
 b = 220.00 mm
 δ =   0.25 mm

EXERCÍCIO 03
 Item b
 d =  95.00 mm
