EXERCÍCIO 01
Teste Tração 01
 L0 = 100.00 mm
 d0 =  10.00 mm
 A  =  78.47 mm² (no limite de proporcionalidade)
  Carga [kN]  Desloc [mm]
      0.0000       0.0000
      0.4127       0.0026
      0.8254       0.0053
      1.2382       0.0079
      1.6509       0.0106
      2.0636       0.0132
      2.4763       0.0158
      2.8890       0.0185
      3.3018       0.0211
      3.7145       0.0238
      4.1272       0.0264
      4.5399       0.0290
      4.9526       0.0317
      5.3653       0.0343
      5.7781       0.0370
      6.1908       0.0396
      6.6035       0.0423
      7.0162       0.0449
      7.4289       0.0475
      7.8417       0.0502
      8.2544       0.0528
      8.6671       0.0555
      9.0798       0.0581
      9.4925       0.0607
      9.9053       0.0634
     10.3180       0.0660
     10.7307       0.0687
     11.1434       0.0713
     11.5561       0.0739
     11.9689       0.0766
     12.3816       0.0792
     12.7943       0.0819
     13.2070       0.0845
     13.6197       0.0871
     14.0324       0.0898
     14.4452       0.0924
     14.8579       0.0951
     15.2706       0.0977
     15.6833       0.1003
     16.0960       0.1030
     16.5088       0.1056
     16.9215       0.1083
     17.3342       0.1109
     17.7469       0.1135
     18.1596       0.1162
     18.5724       0.1188
     18.9851       0.1215
     19.3978       0.1241
     19.8105       0.1268
     20.2232       0.1294
     20.6360       0.1320
     21.0487       0.1347

Teste Tração 02
 L0 = 100.00 mm
 d0 =  10.00 mm
  Carga [kN]  Desloc [mm]
      0.0000       0.0095
      0.6790       0.0139
      1.3580       0.0182
      2.0370       0.0226
      2.7160       0.0269
      3.3949       0.0312
      4.0739       0.0356
      4.7529       0.0399
      5.4319       0.0443
      6.1109       0.0486
      6.7899       0.0530
      7.4689       0.0573
      8.1479       0.0617
      8.8269       0.0660
      9.5059       0.0703
     10.1848       0.0747
     10.8638       0.0790
     11.5428       0.0834
     12.2218       0.0877
     12.9008       0.0921
     13.5798       0.0964
     14.2588       0.1008
     14.9378       0.1051
     15.6168       0.1094
     16.2957       0.1138
     16.9747       0.1181
     17.6537       0.1225
     18.3327       0.1268
     19.0117       0.1312
     19.6907       0.1355
     20.3697       0.1398
     21.0487       0.1442

EXERCÍCIO 02
 a = 320.00 mm
 b = 245.00 mm
 δ =   0.22 mm

EXERCÍCIO 03
 Item b
 d = 100.00 mm
