EXERCÍCIO 01
Teste Tração 01
 L0 = 100.00 mm
 d0 =  10.00 mm
 A  =  78.47 mm² (no limite de proporcionalidade)
  Carga [kN]  Desloc [mm]
      0.0000       0.0000
      0.5313       0.0033
      1.0626       0.0067
      1.5939       0.0100
      2.1252       0.0133
      2.6565       0.0167
      3.1878       0.0200
      3.7191       0.0233
      4.2504       0.0267
      4.7817       0.0300
      5.3130       0.0333
      5.8443       0.0367
      6.3756       0.0400
      6.9069       0.0433
      7.4382       0.0467
      7.9695       0.0500
      8.5008       0.0533
      9.0321       0.0567
      9.5634       0.0600
     10.0947       0.0633
     10.6260       0.0666
     11.1573       0.0700
     11.6886       0.0733
     12.2199       0.0766
     12.7512       0.0800
     13.2825       0.0833
     13.8138       0.0866
     14.3451       0.0900
     14.8764       0.0933
     15.4077       0.0966
     15.9390       0.1000
     16.4703       0.1033
     17.0016       0.1066
     17.5329       0.1100
     18.0642       0.1133
     18.5955       0.1166
     19.1268       0.1200
     19.6581       0.1233
     20.1894       0.1266
     20.7207       0.1300
     21.2520       0.1333
     21.7832       0.1366
     22.3145       0.1400
     22.8458       0.1433
     23.3771       0.1466
     23.9084       0.1500
     24.4397       0.1533
     24.9710       0.1566
     25.5023       0.1600
     26.0336       0.1633
     26.5649       0.1666
     27.0962       0.1700

Teste Tração 02
 L0 = 100.00 mm
 d0 =  10.00 mm
  Carga [kN]  Desloc [mm]
      0.0000       0.0106
      0.7131       0.0150
      1.4261       0.0195
      2.1392       0.0240
      2.8522       0.0284
      3.5653       0.0329
      4.2784       0.0374
      4.9914       0.0419
      5.7045       0.0463
      6.4175       0.0508
      7.1306       0.0553
      7.8436       0.0598
      8.5567       0.0642
      9.2698       0.0687
      9.9828       0.0732
     10.6959       0.0776
     11.4089       0.0821
     12.1220       0.0866
     12.8351       0.0911
     13.5481       0.0955
     14.2612       0.1000
     14.9742       0.1045
     15.6873       0.1090
     16.4004       0.1134
     17.1134       0.1179
     17.8265       0.1224
     18.5395       0.1268
     19.2526       0.1313
     19.9656       0.1358
     20.6787       0.1403
     21.3918       0.1447
     22.1048       0.1492
     22.8179       0.1537
     23.5309       0.1581
     24.2440       0.1626
     24.9571       0.1671
     25.6701       0.1716
     26.3832       0.1760
     27.0962       0.1805

EXERCÍCIO 02
 a = 330.00 mm
 b = 220.00 mm
 δ =   0.19 mm

EXERCÍCIO 03
 Item a
 b =  90.00 mm
