EXERCÍCIO 01
Teste Tração 01
 L0 = 100.00 mm
 d0 =  10.00 mm
 A  =  78.47 mm² (no limite de proporcionalidade)
  Carga [kN]  Desloc [mm]
      0.0000       0.0000
      0.4410       0.0028
      0.8821       0.0056
      1.3231       0.0084
      1.7641       0.0112
      2.2052       0.0140
      2.6462       0.0168
      3.0872       0.0197
      3.5283       0.0225
      3.9693       0.0253
      4.4103       0.0281
      4.8513       0.0309
      5.2924       0.0337
      5.7334       0.0365
      6.1744       0.0393
      6.6155       0.0421
      7.0565       0.0449
      7.4975       0.0477
      7.9386       0.0505
      8.3796       0.0533
      8.8206       0.0562
      9.2617       0.0590
      9.7027       0.0618
     10.1437       0.0646
     10.5848       0.0674
     11.0258       0.0702
     11.4668       0.0730
     11.9078       0.0758
     12.3489       0.0786
     12.7899       0.0814
     13.2309       0.0842
     13.6720       0.0870
     14.1130       0.0898
     14.5540       0.0927
     14.9951       0.0955
     15.4361       0.0983
     15.8771       0.1011
     16.3182       0.1039
     16.7592       0.1067
     17.2002       0.1095
     17.6413       0.1123
     18.0823       0.1151
     18.5233       0.1179
     18.9643       0.1207
     19.4054       0.1235
     19.8464       0.1263
     20.2874       0.1292
     20.7285       0.1320
     21.1695       0.1348
     21.6105       0.1376
     22.0516       0.1404
     22.4926       0.1432
     22.9336       0.1460

Teste Tração 02
 L0 = 100.00 mm
 d0 =  10.00 mm
  Carga [kN]  Desloc [mm]
      0.0000       0.0123
      0.6370       0.0164
      1.2741       0.0204
      1.9111       0.0245
      2.5482       0.0285
      3.1852       0.0326
      3.8223       0.0367
      4.4593       0.0407
      5.0964       0.0448
      5.7334       0.0488
      6.3705       0.0529
      7.0075       0.0569
      7.6445       0.0610
      8.2816       0.0650
      8.9186       0.0691
      9.5557       0.0732
     10.1927       0.0772
     10.8298       0.0813
     11.4668       0.0853
     12.1039       0.0894
     12.7409       0.0934
     13.3779       0.0975
     14.0150       0.1015
     14.6520       0.1056
     15.2891       0.1097
     15.9261       0.1137
     16.5632       0.1178
     17.2002       0.1218
     17.8373       0.1259
     18.4743       0.1299
     19.1114       0.1340
     19.7484       0.1380
     20.3854       0.1421
     21.0225       0.1462
     21.6595       0.1502
     22.2966       0.1543
     22.9336       0.1583

EXERCÍCIO 02
 a = 310.00 mm
 b = 255.00 mm
 δ =   0.28 mm

EXERCÍCIO 03
 Item a
 b = 110.00 mm
