EXERCÍCIO 01
Teste Tração 01
 L0 = 100.00 mm
 d0 =  10.00 mm
 A  =  78.46 mm² (no limite de proporcionalidade)
  Carga [kN]  Desloc [mm]
      0.0000       0.0000
      0.4326       0.0028
      0.8653       0.0056
      1.2979       0.0084
      1.7305       0.0112
      2.1632       0.0140
      2.5958       0.0168
      3.0284       0.0196
      3.4611       0.0224
      3.8937       0.0252
      4.3263       0.0280
      4.7590       0.0308
      5.1916       0.0336
      5.6242       0.0364
      6.0569       0.0391
      6.4895       0.0419
      6.9222       0.0447
      7.3548       0.0475
      7.7874       0.0503
      8.2201       0.0531
      8.6527       0.0559
      9.0853       0.0587
      9.5180       0.0615
      9.9506       0.0643
     10.3832       0.0671
     10.8159       0.0699
     11.2485       0.0727
     11.6811       0.0755
     12.1138       0.0783
     12.5464       0.0811
     12.9790       0.0839
     13.4117       0.0867
     13.8443       0.0895
     14.2769       0.0923
     14.7096       0.0951
     15.1422       0.0979
     15.5748       0.1007
     16.0075       0.1035
     16.4401       0.1063
     16.8727       0.1091
     17.3054       0.1118
     17.7380       0.1146
     18.1707       0.1174
     18.6033       0.1202
     19.0359       0.1230
     19.4686       0.1258
     19.9012       0.1286
     20.3338       0.1314
     20.7665       0.1342
     21.1991       0.1370
     21.6317       0.1398
     22.0644       0.1426
     22.4970       0.1454
     22.9296       0.1482
     23.3623       0.1510
     23.7949       0.1538
     24.2275       0.1566
     24.6602       0.1594
     25.0928       0.1622
     25.5254       0.1650

Teste Tração 02
 L0 = 100.00 mm
 d0 =  10.00 mm
  Carga [kN]  Desloc [mm]
      0.0000       0.0142
      0.6545       0.0184
      1.3090       0.0226
      1.9635       0.0269
      2.6180       0.0311
      3.2725       0.0353
      3.9270       0.0395
      4.5815       0.0438
      5.2360       0.0480
      5.8905       0.0522
      6.5450       0.0565
      7.1995       0.0607
      7.8540       0.0649
      8.5085       0.0692
      9.1630       0.0734
      9.8175       0.0776
     10.4720       0.0818
     11.1265       0.0861
     11.7810       0.0903
     12.4355       0.0945
     13.0900       0.0988
     13.7445       0.1030
     14.3990       0.1072
     15.0535       0.1115
     15.7080       0.1157
     16.3625       0.1199
     17.0170       0.1241
     17.6715       0.1284
     18.3260       0.1326
     18.9805       0.1368
     19.6350       0.1411
     20.2895       0.1453
     20.9440       0.1495
     21.5984       0.1538
     22.2529       0.1580
     22.9074       0.1622
     23.5619       0.1664
     24.2164       0.1707
     24.8709       0.1749
     25.5254       0.1791

EXERCÍCIO 02
 a = 350.00 mm
 b = 250.00 mm
 δ =   0.07 mm

EXERCÍCIO 03
 Item a
 b = 105.00 mm
