EXERCÍCIO 01
Teste Tração 01
 L0 = 100.00 mm
 d0 =  10.00 mm
 A  =  78.47 mm² (no limite de proporcionalidade)
  Carga [kN]  Desloc [mm]
      0.0000       0.0000
      0.4889       0.0033
      0.9777       0.0066
      1.4666       0.0099
      1.9555       0.0132
      2.4444       0.0165
      2.9332       0.0198
      3.4221       0.0231
      3.9110       0.0263
      4.3998       0.0296
      4.8887       0.0329
      5.3776       0.0362
      5.8664       0.0395
      6.3553       0.0428
      6.8442       0.0461
      7.3331       0.0494
      7.8219       0.0527
      8.3108       0.0560
      8.7997       0.0593
      9.2885       0.0626
      9.7774       0.0659
     10.2663       0.0692
     10.7551       0.0725
     11.2440       0.0757
     11.7329       0.0790
     12.2218       0.0823
     12.7106       0.0856
     13.1995       0.0889
     13.6884       0.0922
     14.1772       0.0955
     14.6661       0.0988
     15.1550       0.1021
     15.6438       0.1054
     16.1327       0.1087
     16.6216       0.1120
     17.1105       0.1153
     17.5993       0.1186
     18.0882       0.1219
     18.5771       0.1251
     19.0659       0.1284
     19.5548       0.1317
     20.0437       0.1350
     20.5326       0.1383
     21.0214       0.1416
     21.5103       0.1449
     21.9992       0.1482
     22.4880       0.1515
     22.9769       0.1548
     23.4658       0.1581
     23.9546       0.1614

Teste Tração 02
 L0 = 100.00 mm
 d0 =  10.00 mm
  Carga [kN]  Desloc [mm]
      0.0000       0.0124
      0.7727       0.0176
      1.5455       0.0228
      2.3182       0.0280
      3.0909       0.0332
      3.8637       0.0384
      4.6364       0.0436
      5.4091       0.0488
      6.1818       0.0540
      6.9546       0.0593
      7.7273       0.0645
      8.5000       0.0697
      9.2728       0.0749
     10.0455       0.0801
     10.8182       0.0853
     11.5910       0.0905
     12.3637       0.0957
     13.1364       0.1009
     13.9091       0.1061
     14.6819       0.1113
     15.4546       0.1165
     16.2273       0.1217
     17.0001       0.1269
     17.7728       0.1321
     18.5455       0.1373
     19.3183       0.1425
     20.0910       0.1477
     20.8637       0.1530
     21.6365       0.1582
     22.4092       0.1634
     23.1819       0.1686
     23.9546       0.1738

EXERCÍCIO 02
 a = 345.00 mm
 b = 225.00 mm
 δ =   0.22 mm

EXERCÍCIO 03
 Item a
 b = 145.00 mm
