EXERCÍCIO 01
Teste Tração 01
 L0 = 100.00 mm
 d0 =  10.00 mm
 A  =  78.47 mm² (no limite de proporcionalidade)
  Carga [kN]  Desloc [mm]
      0.0000       0.0000
      0.4857       0.0033
      0.9713       0.0066
      1.4570       0.0099
      1.9427       0.0132
      2.4283       0.0164
      2.9140       0.0197
      3.3997       0.0230
      3.8853       0.0263
      4.3710       0.0296
      4.8566       0.0329
      5.3423       0.0362
      5.8280       0.0395
      6.3136       0.0428
      6.7993       0.0460
      7.2850       0.0493
      7.7706       0.0526
      8.2563       0.0559
      8.7420       0.0592
      9.2276       0.0625
      9.7133       0.0658
     10.1990       0.0691
     10.6846       0.0724
     11.1703       0.0757
     11.6559       0.0789
     12.1416       0.0822
     12.6273       0.0855
     13.1129       0.0888
     13.5986       0.0921
     14.0843       0.0954
     14.5699       0.0987
     15.0556       0.1020
     15.5413       0.1053
     16.0269       0.1085
     16.5126       0.1118
     16.9983       0.1151
     17.4839       0.1184
     17.9696       0.1217
     18.4553       0.1250
     18.9409       0.1283
     19.4266       0.1316
     19.9122       0.1349
     20.3979       0.1381
     20.8836       0.1414
     21.3692       0.1447
     21.8549       0.1480
     22.3406       0.1513
     22.8262       0.1546
     23.3119       0.1579
     23.7976       0.1612

Teste Tração 02
 L0 = 100.00 mm
 d0 =  10.00 mm
  Carga [kN]  Desloc [mm]
      0.0000       0.0110
      0.7437       0.0161
      1.4873       0.0211
      2.2310       0.0261
      2.9747       0.0312
      3.7184       0.0362
      4.4620       0.0413
      5.2057       0.0463
      5.9494       0.0513
      6.6931       0.0564
      7.4367       0.0614
      8.1804       0.0664
      8.9241       0.0715
      9.6678       0.0765
     10.4114       0.0816
     11.1551       0.0866
     11.8988       0.0916
     12.6425       0.0967
     13.3861       0.1017
     14.1298       0.1067
     14.8735       0.1118
     15.6172       0.1168
     16.3608       0.1218
     17.1045       0.1269
     17.8482       0.1319
     18.5918       0.1370
     19.3355       0.1420
     20.0792       0.1470
     20.8229       0.1521
     21.5665       0.1571
     22.3102       0.1621
     23.0539       0.1672
     23.7976       0.1722

EXERCÍCIO 02
 a = 310.00 mm
 b = 255.00 mm
 δ =   0.22 mm

EXERCÍCIO 03
 Item a
 b = 130.00 mm
