EXERCÍCIO 01
Teste Tração 01
 L0 = 100.00 mm
 d0 =  10.00 mm
 A  =  78.45 mm² (no limite de proporcionalidade)
  Carga [kN]  Desloc [mm]
      0.0000       0.0000
      0.5562       0.0036
      1.1124       0.0072
      1.6686       0.0107
      2.2248       0.0143
      2.7810       0.0179
      3.3371       0.0215
      3.8933       0.0250
      4.4495       0.0286
      5.0057       0.0322
      5.5619       0.0358
      6.1181       0.0393
      6.6743       0.0429
      7.2305       0.0465
      7.7867       0.0501
      8.3429       0.0536
      8.8990       0.0572
      9.4552       0.0608
     10.0114       0.0644
     10.5676       0.0680
     11.1238       0.0715
     11.6800       0.0751
     12.2362       0.0787
     12.7924       0.0823
     13.3486       0.0858
     13.9048       0.0894
     14.4609       0.0930
     15.0171       0.0966
     15.5733       0.1001
     16.1295       0.1037
     16.6857       0.1073
     17.2419       0.1109
     17.7981       0.1145
     18.3543       0.1180
     18.9105       0.1216
     19.4667       0.1252
     20.0228       0.1288
     20.5790       0.1323
     21.1352       0.1359
     21.6914       0.1395
     22.2476       0.1431
     22.8038       0.1466
     23.3600       0.1502
     23.9162       0.1538
     24.4724       0.1574
     25.0286       0.1609
     25.5847       0.1645
     26.1409       0.1681
     26.6971       0.1717
     27.2533       0.1753

Teste Tração 02
 L0 = 100.00 mm
 d0 =  10.00 mm
  Carga [kN]  Desloc [mm]
      0.0000       0.0140
      0.6988       0.0185
      1.3976       0.0230
      2.0964       0.0275
      2.7952       0.0320
      3.4940       0.0365
      4.1928       0.0410
      4.8916       0.0455
      5.5904       0.0499
      6.2892       0.0544
      6.9880       0.0589
      7.6868       0.0634
      8.3856       0.0679
      9.0844       0.0724
      9.7832       0.0769
     10.4820       0.0814
     11.1808       0.0859
     11.8797       0.0904
     12.5785       0.0949
     13.2773       0.0994
     13.9761       0.1039
     14.6749       0.1084
     15.3737       0.1129
     16.0725       0.1174
     16.7713       0.1218
     17.4701       0.1263
     18.1689       0.1308
     18.8677       0.1353
     19.5665       0.1398
     20.2653       0.1443
     20.9641       0.1488
     21.6629       0.1533
     22.3617       0.1578
     23.0605       0.1623
     23.7593       0.1668
     24.4581       0.1713
     25.1569       0.1758
     25.8557       0.1803
     26.5545       0.1848
     27.2533       0.1893

EXERCÍCIO 02
 a = 315.00 mm
 b = 250.00 mm
 δ =   0.14 mm

EXERCÍCIO 03
 Item a
 b = 110.00 mm
