EXERCÍCIO 01
Teste Tração 01
 L0 = 100.00 mm
 d0 =  10.00 mm
 A  =  78.46 mm² (no limite de proporcionalidade)
  Carga [kN]  Desloc [mm]
      0.0000       0.0000
      0.4712       0.0030
      0.9425       0.0060
      1.4137       0.0090
      1.8850       0.0119
      2.3562       0.0149
      2.8274       0.0179
      3.2987       0.0209
      3.7699       0.0239
      4.2412       0.0269
      4.7124       0.0299
      5.1836       0.0328
      5.6549       0.0358
      6.1261       0.0388
      6.5973       0.0418
      7.0686       0.0448
      7.5398       0.0478
      8.0111       0.0507
      8.4823       0.0537
      8.9535       0.0567
      9.4248       0.0597
      9.8960       0.0627
     10.3673       0.0657
     10.8385       0.0687
     11.3097       0.0716
     11.7810       0.0746
     12.2522       0.0776
     12.7235       0.0806
     13.1947       0.0836
     13.6659       0.0866
     14.1372       0.0896
     14.6084       0.0925
     15.0796       0.0955
     15.5509       0.0985
     16.0221       0.1015
     16.4934       0.1045
     16.9646       0.1075
     17.4358       0.1104
     17.9071       0.1134
     18.3783       0.1164
     18.8496       0.1194
     19.3208       0.1224
     19.7920       0.1254
     20.2633       0.1284
     20.7345       0.1313
     21.2058       0.1343
     21.6770       0.1373
     22.1482       0.1403
     22.6195       0.1433
     23.0907       0.1463
     23.5619       0.1493
     24.0332       0.1522
     24.5044       0.1552

Teste Tração 02
 L0 = 100.00 mm
 d0 =  10.00 mm
  Carga [kN]  Desloc [mm]
      0.0000       0.0089
      0.7207       0.0134
      1.4414       0.0180
      2.1622       0.0226
      2.8829       0.0271
      3.6036       0.0317
      4.3243       0.0363
      5.0450       0.0408
      5.7657       0.0454
      6.4865       0.0500
      7.2072       0.0545
      7.9279       0.0591
      8.6486       0.0637
      9.3693       0.0682
     10.0901       0.0728
     10.8108       0.0774
     11.5315       0.0819
     12.2522       0.0865
     12.9729       0.0911
     13.6936       0.0956
     14.4144       0.1002
     15.1351       0.1048
     15.8558       0.1093
     16.5765       0.1139
     17.2972       0.1184
     18.0180       0.1230
     18.7387       0.1276
     19.4594       0.1321
     20.1801       0.1367
     20.9008       0.1413
     21.6215       0.1458
     22.3423       0.1504
     23.0630       0.1550
     23.7837       0.1595
     24.5044       0.1641

EXERCÍCIO 02
 a = 345.00 mm
 b = 260.00 mm
 δ =   0.13 mm

EXERCÍCIO 03
 Item a
 b =  85.00 mm
