EXERCÍCIO 01
Teste Tração 01
 L0 = 100.00 mm
 d0 =  10.00 mm
 A  =  78.49 mm² (no limite de proporcionalidade)
  Carga [kN]  Desloc [mm]
      0.0000       0.0000
      0.3749       0.0024
      0.7498       0.0047
      1.1247       0.0071
      1.4997       0.0095
      1.8746       0.0119
      2.2495       0.0142
      2.6244       0.0166
      2.9993       0.0190
      3.3742       0.0214
      3.7492       0.0237
      4.1241       0.0261
      4.4990       0.0285
      4.8739       0.0309
      5.2488       0.0332
      5.6237       0.0356
      5.9987       0.0380
      6.3736       0.0404
      6.7485       0.0427
      7.1234       0.0451
      7.4983       0.0475
      7.8732       0.0499
      8.2482       0.0522
      8.6231       0.0546
      8.9980       0.0570
      9.3729       0.0594
      9.7478       0.0617
     10.1227       0.0641
     10.4977       0.0665
     10.8726       0.0689
     11.2475       0.0712
     11.6224       0.0736
     11.9973       0.0760
     12.3722       0.0784
     12.7472       0.0807
     13.1221       0.0831
     13.4970       0.0855
     13.8719       0.0879
     14.2468       0.0902
     14.6217       0.0926
     14.9967       0.0950
     15.3716       0.0974
     15.7465       0.0997
     16.1214       0.1021
     16.4963       0.1045
     16.8712       0.1069
     17.2462       0.1092
     17.6211       0.1116
     17.9960       0.1140
     18.3709       0.1164
     18.7458       0.1187
     19.1207       0.1211
     19.4957       0.1235
     19.8706       0.1259

Teste Tração 02
 L0 = 100.00 mm
 d0 =  10.00 mm
  Carga [kN]  Desloc [mm]
      0.0000       0.0113
      0.6624       0.0155
      1.3247       0.0197
      1.9871       0.0239
      2.6494       0.0281
      3.3118       0.0323
      3.9741       0.0365
      4.6365       0.0406
      5.2988       0.0448
      5.9612       0.0490
      6.6235       0.0532
      7.2859       0.0574
      7.9482       0.0616
      8.6106       0.0658
      9.2729       0.0700
      9.9353       0.0742
     10.5976       0.0784
     11.2600       0.0826
     11.9223       0.0868
     12.5847       0.0910
     13.2470       0.0952
     13.9094       0.0994
     14.5718       0.1036
     15.2341       0.1078
     15.8965       0.1120
     16.5588       0.1162
     17.2212       0.1204
     17.8835       0.1246
     18.5459       0.1288
     19.2082       0.1330
     19.8706       0.1372

EXERCÍCIO 02
 a = 305.00 mm
 b = 240.00 mm
 δ =   0.29 mm

EXERCÍCIO 03
 Item a
 b =  95.00 mm
