EXERCÍCIO 01
Teste Tração 01
 L0 = 100.00 mm
 d0 =  10.00 mm
 A  =  78.47 mm² (no limite de proporcionalidade)
  Carga [kN]  Desloc [mm]
      0.0000       0.0000
      0.3942       0.0025
      0.7884       0.0050
      1.1826       0.0075
      1.5768       0.0099
      1.9710       0.0124
      2.3653       0.0149
      2.7595       0.0174
      3.1537       0.0199
      3.5479       0.0224
      3.9421       0.0248
      4.3363       0.0273
      4.7305       0.0298
      5.1247       0.0323
      5.5189       0.0348
      5.9131       0.0373
      6.3074       0.0398
      6.7016       0.0422
      7.0958       0.0447
      7.4900       0.0472
      7.8842       0.0497
      8.2784       0.0522
      8.6726       0.0547
      9.0668       0.0571
      9.4610       0.0596
      9.8552       0.0621
     10.2494       0.0646
     10.6437       0.0671
     11.0379       0.0696
     11.4321       0.0721
     11.8263       0.0745
     12.2205       0.0770
     12.6147       0.0795
     13.0089       0.0820
     13.4031       0.0845
     13.7973       0.0870
     14.1915       0.0895
     14.5858       0.0919
     14.9800       0.0944
     15.3742       0.0969
     15.7684       0.0994
     16.1626       0.1019
     16.5568       0.1044
     16.9510       0.1068
     17.3452       0.1093
     17.7394       0.1118
     18.1336       0.1143
     18.5278       0.1168
     18.9221       0.1193
     19.3163       0.1218
     19.7105       0.1242
     20.1047       0.1267
     20.4989       0.1292

Teste Tração 02
 L0 = 100.00 mm
 d0 =  10.00 mm
  Carga [kN]  Desloc [mm]
      0.0000       0.0117
      0.5694       0.0153
      1.1388       0.0189
      1.7082       0.0224
      2.2777       0.0260
      2.8471       0.0296
      3.4165       0.0332
      3.9859       0.0368
      4.5553       0.0404
      5.1247       0.0440
      5.6941       0.0476
      6.2636       0.0512
      6.8330       0.0547
      7.4024       0.0583
      7.9718       0.0619
      8.5412       0.0655
      9.1106       0.0691
      9.6800       0.0727
     10.2494       0.0763
     10.8189       0.0799
     11.3883       0.0835
     11.9577       0.0871
     12.5271       0.0906
     13.0965       0.0942
     13.6659       0.0978
     14.2353       0.1014
     14.8048       0.1050
     15.3742       0.1086
     15.9436       0.1122
     16.5130       0.1158
     17.0824       0.1194
     17.6518       0.1229
     18.2212       0.1265
     18.7907       0.1301
     19.3601       0.1337
     19.9295       0.1373
     20.4989       0.1409

EXERCÍCIO 02
 a = 315.00 mm
 b = 255.00 mm
 δ =   0.25 mm

EXERCÍCIO 03
 Item a
 b =  80.00 mm
