EXERCÍCIO 01
Teste Tração 01
 L0 = 100.00 mm
 d0 =  10.00 mm
 A  =  78.48 mm² (no limite de proporcionalidade)
  Carga [kN]  Desloc [mm]
      0.0000       0.0000
      0.3996       0.0026
      0.7992       0.0052
      1.1988       0.0077
      1.5984       0.0103
      1.9979       0.0129
      2.3975       0.0155
      2.7971       0.0181
      3.1967       0.0207
      3.5963       0.0232
      3.9959       0.0258
      4.3955       0.0284
      4.7951       0.0310
      5.1947       0.0336
      5.5942       0.0362
      5.9938       0.0387
      6.3934       0.0413
      6.7930       0.0439
      7.1926       0.0465
      7.5922       0.0491
      7.9918       0.0517
      8.3914       0.0542
      8.7909       0.0568
      9.1905       0.0594
      9.5901       0.0620
      9.9897       0.0646
     10.3893       0.0671
     10.7889       0.0697
     11.1885       0.0723
     11.5881       0.0749
     11.9877       0.0775
     12.3872       0.0801
     12.7868       0.0826
     13.1864       0.0852
     13.5860       0.0878
     13.9856       0.0904
     14.3852       0.0930
     14.7848       0.0956
     15.1844       0.0981
     15.5840       0.1007
     15.9835       0.1033
     16.3831       0.1059
     16.7827       0.1085
     17.1823       0.1111
     17.5819       0.1136
     17.9815       0.1162
     18.3811       0.1188
     18.7807       0.1214
     19.1802       0.1240
     19.5798       0.1265
     19.9794       0.1291
     20.3790       0.1317
     20.7786       0.1343
     21.1782       0.1369
     21.5778       0.1395
     21.9774       0.1420
     22.3770       0.1446
     22.7765       0.1472

Teste Tração 02
 L0 = 100.00 mm
 d0 =  10.00 mm
  Carga [kN]  Desloc [mm]
      0.0000       0.0122
      0.6327       0.0163
      1.2654       0.0204
      1.8980       0.0245
      2.5307       0.0286
      3.1634       0.0327
      3.7961       0.0368
      4.4288       0.0409
      5.0615       0.0450
      5.6941       0.0490
      6.3268       0.0531
      6.9595       0.0572
      7.5922       0.0613
      8.2249       0.0654
      8.8575       0.0695
      9.4902       0.0736
     10.1229       0.0777
     10.7556       0.0818
     11.3883       0.0858
     12.0210       0.0899
     12.6536       0.0940
     13.2863       0.0981
     13.9190       0.1022
     14.5517       0.1063
     15.1844       0.1104
     15.8170       0.1145
     16.4497       0.1186
     17.0824       0.1226
     17.7151       0.1267
     18.3478       0.1308
     18.9805       0.1349
     19.6131       0.1390
     20.2458       0.1431
     20.8785       0.1472
     21.5112       0.1513
     22.1439       0.1554
     22.7765       0.1594

EXERCÍCIO 02
 a = 345.00 mm
 b = 245.00 mm
 δ =   0.06 mm

EXERCÍCIO 03
 Item a
 b =  90.00 mm
