EXERCÍCIO 01
Teste Tração 01
 L0 = 100.00 mm
 d0 =  10.00 mm
 A  =  78.46 mm² (no limite de proporcionalidade)
  Carga [kN]  Desloc [mm]
      0.0000       0.0000
      0.4803       0.0032
      0.9606       0.0065
      1.4409       0.0097
      1.9212       0.0129
      2.4015       0.0162
      2.8818       0.0194
      3.3621       0.0226
      3.8424       0.0259
      4.3227       0.0291
      4.8030       0.0324
      5.2833       0.0356
      5.7636       0.0388
      6.2439       0.0421
      6.7242       0.0453
      7.2045       0.0485
      7.6848       0.0518
      8.1651       0.0550
      8.6454       0.0582
      9.1257       0.0615
      9.6060       0.0647
     10.0863       0.0679
     10.5666       0.0712
     11.0469       0.0744
     11.5272       0.0777
     12.0075       0.0809
     12.4878       0.0841
     12.9681       0.0874
     13.4484       0.0906
     13.9287       0.0938
     14.4090       0.0971
     14.8893       0.1003
     15.3696       0.1035
     15.8499       0.1068
     16.3302       0.1100
     16.8105       0.1132
     17.2908       0.1165
     17.7711       0.1197
     18.2514       0.1230
     18.7317       0.1262
     19.2120       0.1294
     19.6923       0.1327
     20.1726       0.1359
     20.6530       0.1391
     21.1333       0.1424
     21.6136       0.1456
     22.0939       0.1488
     22.5742       0.1521
     23.0545       0.1553
     23.5348       0.1585
     24.0151       0.1618
     24.4954       0.1650
     24.9757       0.1683

Teste Tração 02
 L0 = 100.00 mm
 d0 =  10.00 mm
  Carga [kN]  Desloc [mm]
      0.0000       0.0118
      0.6750       0.0163
      1.3500       0.0209
      2.0251       0.0254
      2.7001       0.0299
      3.3751       0.0345
      4.0501       0.0390
      4.7251       0.0436
      5.4001       0.0481
      6.0752       0.0527
      6.7502       0.0572
      7.4252       0.0618
      8.1002       0.0663
      8.7752       0.0709
      9.4503       0.0754
     10.1253       0.0800
     10.8003       0.0845
     11.4753       0.0891
     12.1503       0.0936
     12.8253       0.0982
     13.5004       0.1027
     14.1754       0.1073
     14.8504       0.1118
     15.5254       0.1164
     16.2004       0.1209
     16.8754       0.1254
     17.5505       0.1300
     18.2255       0.1345
     18.9005       0.1391
     19.5755       0.1436
     20.2505       0.1482
     20.9256       0.1527
     21.6006       0.1573
     22.2756       0.1618
     22.9506       0.1664
     23.6256       0.1709
     24.3006       0.1755
     24.9757       0.1800

EXERCÍCIO 02
 a = 320.00 mm
 b = 265.00 mm
 δ =   0.27 mm

EXERCÍCIO 03
 Item a
 b = 105.00 mm
