EXERCÍCIO 01
Teste Tração 01
 L0 = 100.00 mm
 d0 =  10.00 mm
 A  =  78.47 mm² (no limite de proporcionalidade)
  Carga [kN]  Desloc [mm]
      0.0000       0.0000
      0.3665       0.0025
      0.7330       0.0049
      1.0996       0.0074
      1.4661       0.0098
      1.8326       0.0123
      2.1991       0.0147
      2.5656       0.0172
      2.9322       0.0196
      3.2987       0.0221
      3.6652       0.0246
      4.0317       0.0270
      4.3982       0.0295
      4.7647       0.0319
      5.1313       0.0344
      5.4978       0.0368
      5.8643       0.0393
      6.2308       0.0418
      6.5973       0.0442
      6.9639       0.0467
      7.3304       0.0491
      7.6969       0.0516
      8.0634       0.0540
      8.4299       0.0565
      8.7965       0.0589
      9.1630       0.0614
      9.5295       0.0639
      9.8960       0.0663
     10.2625       0.0688
     10.6291       0.0712
     10.9956       0.0737
     11.3621       0.0761
     11.7286       0.0786
     12.0951       0.0811
     12.4617       0.0835
     12.8282       0.0860
     13.1947       0.0884
     13.5612       0.0909
     13.9277       0.0933
     14.2942       0.0958
     14.6608       0.0982
     15.0273       0.1007
     15.3938       0.1032
     15.7603       0.1056
     16.1268       0.1081
     16.4934       0.1105
     16.8599       0.1130
     17.2264       0.1154
     17.5929       0.1179
     17.9594       0.1204
     18.3260       0.1228
     18.6925       0.1253
     19.0590       0.1277
     19.4255       0.1302
     19.7920       0.1326
     20.1586       0.1351
     20.5251       0.1375
     20.8916       0.1400

Teste Tração 02
 L0 = 100.00 mm
 d0 =  10.00 mm
  Carga [kN]  Desloc [mm]
      0.0000       0.0089
      0.6529       0.0133
      1.3057       0.0176
      1.9586       0.0220
      2.6114       0.0264
      3.2643       0.0308
      3.9172       0.0351
      4.5700       0.0395
      5.2229       0.0439
      5.8758       0.0483
      6.5286       0.0526
      7.1815       0.0570
      7.8343       0.0614
      8.4872       0.0658
      9.1401       0.0701
      9.7929       0.0745
     10.4458       0.0789
     11.0987       0.0833
     11.7515       0.0876
     12.4044       0.0920
     13.0572       0.0964
     13.7101       0.1008
     14.3630       0.1051
     15.0158       0.1095
     15.6687       0.1139
     16.3216       0.1183
     16.9744       0.1226
     17.6273       0.1270
     18.2801       0.1314
     18.9330       0.1358
     19.5859       0.1401
     20.2387       0.1445
     20.8916       0.1489

EXERCÍCIO 02
 a = 345.00 mm
 b = 230.00 mm
 δ =   0.09 mm

EXERCÍCIO 03
 Item b
 d = 145.00 mm
