EXERCÍCIO 01
Teste Tração 01
 L0 = 100.00 mm
 d0 =  10.00 mm
 A  =  78.47 mm² (no limite de proporcionalidade)
  Carga [kN]  Desloc [mm]
      0.0000       0.0000
      0.5113       0.0034
      1.0226       0.0068
      1.5339       0.0102
      2.0452       0.0136
      2.5566       0.0170
      3.0679       0.0203
      3.5792       0.0237
      4.0905       0.0271
      4.6018       0.0305
      5.1131       0.0339
      5.6244       0.0373
      6.1357       0.0407
      6.6470       0.0441
      7.1583       0.0475
      7.6697       0.0509
      8.1810       0.0543
      8.6923       0.0576
      9.2036       0.0610
      9.7149       0.0644
     10.2262       0.0678
     10.7375       0.0712
     11.2488       0.0746
     11.7601       0.0780
     12.2714       0.0814
     12.7828       0.0848
     13.2941       0.0882
     13.8054       0.0915
     14.3167       0.0949
     14.8280       0.0983
     15.3393       0.1017
     15.8506       0.1051
     16.3619       0.1085
     16.8732       0.1119
     17.3845       0.1153
     17.8959       0.1187
     18.4072       0.1221
     18.9185       0.1255
     19.4298       0.1288
     19.9411       0.1322
     20.4524       0.1356
     20.9637       0.1390
     21.4750       0.1424
     21.9863       0.1458
     22.4977       0.1492
     23.0090       0.1526
     23.5203       0.1560
     24.0316       0.1594
     24.5429       0.1628
     25.0542       0.1661

Teste Tração 02
 L0 = 100.00 mm
 d0 =  10.00 mm
  Carga [kN]  Desloc [mm]
      0.0000       0.0109
      0.8082       0.0162
      1.6164       0.0216
      2.4246       0.0270
      3.2328       0.0323
      4.0410       0.0377
      4.8492       0.0430
      5.6574       0.0484
      6.4656       0.0538
      7.2738       0.0591
      8.0820       0.0645
      8.8902       0.0698
      9.6984       0.0752
     10.5066       0.0806
     11.3148       0.0859
     12.1230       0.0913
     12.9312       0.0966
     13.7394       0.1020
     14.5476       0.1074
     15.3558       0.1127
     16.1640       0.1181
     16.9722       0.1234
     17.7804       0.1288
     18.5886       0.1341
     19.3968       0.1395
     20.2050       0.1449
     21.0132       0.1502
     21.8214       0.1556
     22.6296       0.1609
     23.4378       0.1663
     24.2460       0.1717
     25.0542       0.1770

EXERCÍCIO 02
 a = 345.00 mm
 b = 255.00 mm
 δ =   0.29 mm

EXERCÍCIO 03
 Item a
 b = 100.00 mm
