EXERCÍCIO 01
Teste Tração 01
 L0 = 100.00 mm
 d0 =  10.00 mm
 A  =  78.49 mm² (no limite de proporcionalidade)
  Carga [kN]  Desloc [mm]
      0.0000       0.0000
      0.3881       0.0024
      0.7762       0.0048
      1.1642       0.0072
      1.5523       0.0095
      1.9404       0.0119
      2.3285       0.0143
      2.7166       0.0167
      3.1046       0.0191
      3.4927       0.0215
      3.8808       0.0239
      4.2689       0.0263
      4.6569       0.0286
      5.0450       0.0310
      5.4331       0.0334
      5.8212       0.0358
      6.2093       0.0382
      6.5973       0.0406
      6.9854       0.0430
      7.3735       0.0454
      7.7616       0.0477
      8.1497       0.0501
      8.5377       0.0525
      8.9258       0.0549
      9.3139       0.0573
      9.7020       0.0597
     10.0901       0.0621
     10.4781       0.0645
     10.8662       0.0668
     11.2543       0.0692
     11.6424       0.0716
     12.0305       0.0740
     12.4185       0.0764
     12.8066       0.0788
     13.1947       0.0812
     13.5828       0.0835
     13.9708       0.0859
     14.3589       0.0883
     14.7470       0.0907
     15.1351       0.0931
     15.5232       0.0955
     15.9112       0.0979
     16.2993       0.1003
     16.6874       0.1026
     17.0755       0.1050
     17.4636       0.1074
     17.8516       0.1098
     18.2397       0.1122
     18.6278       0.1146
     19.0159       0.1170
     19.4040       0.1194
     19.7920       0.1217

Teste Tração 02
 L0 = 100.00 mm
 d0 =  10.00 mm
  Carga [kN]  Desloc [mm]
      0.0000       0.0099
      0.5208       0.0131
      1.0417       0.0163
      1.5625       0.0195
      2.0834       0.0227
      2.6042       0.0259
      3.1251       0.0291
      3.6459       0.0323
      4.1667       0.0355
      4.6876       0.0388
      5.2084       0.0420
      5.7293       0.0452
      6.2501       0.0484
      6.7710       0.0516
      7.2918       0.0548
      7.8126       0.0580
      8.3335       0.0612
      8.8543       0.0644
      9.3752       0.0676
      9.8960       0.0708
     10.4169       0.0740
     10.9377       0.0772
     11.4585       0.0804
     11.9794       0.0836
     12.5002       0.0868
     13.0211       0.0900
     13.5419       0.0932
     14.0628       0.0964
     14.5836       0.0996
     15.1044       0.1028
     15.6253       0.1060
     16.1461       0.1092
     16.6670       0.1124
     17.1878       0.1156
     17.7087       0.1188
     18.2295       0.1220
     18.7503       0.1253
     19.2712       0.1285
     19.7920       0.1317

EXERCÍCIO 02
 a = 325.00 mm
 b = 245.00 mm
 δ =   0.09 mm

EXERCÍCIO 03
 Item b
 d =  85.00 mm
