EXERCÍCIO 01
Teste Tração 01
 L0 = 100.00 mm
 d0 =  10.00 mm
 A  =  78.45 mm² (no limite de proporcionalidade)
  Carga [kN]  Desloc [mm]
      0.0000       0.0000
      0.5003       0.0033
      1.0007       0.0066
      1.5010       0.0099
      2.0013       0.0132
      2.5016       0.0165
      3.0020       0.0198
      3.5023       0.0231
      4.0026       0.0264
      4.5029       0.0297
      5.0033       0.0330
      5.5036       0.0363
      6.0039       0.0396
      6.5043       0.0429
      7.0046       0.0462
      7.5049       0.0495
      8.0052       0.0528
      8.5056       0.0561
      9.0059       0.0594
      9.5062       0.0627
     10.0066       0.0660
     10.5069       0.0693
     11.0072       0.0726
     11.5075       0.0759
     12.0079       0.0792
     12.5082       0.0825
     13.0085       0.0858
     13.5088       0.0891
     14.0092       0.0924
     14.5095       0.0957
     15.0098       0.0990
     15.5102       0.1023
     16.0105       0.1056
     16.5108       0.1089
     17.0111       0.1122
     17.5115       0.1155
     18.0118       0.1188
     18.5121       0.1221
     19.0125       0.1254
     19.5128       0.1287
     20.0131       0.1320
     20.5134       0.1353
     21.0138       0.1386
     21.5141       0.1419
     22.0144       0.1452
     22.5147       0.1485
     23.0151       0.1518
     23.5154       0.1551
     24.0157       0.1584
     24.5161       0.1617
     25.0164       0.1650
     25.5167       0.1683
     26.0170       0.1716
     26.5174       0.1749
     27.0177       0.1782

Teste Tração 02
 L0 = 100.00 mm
 d0 =  10.00 mm
  Carga [kN]  Desloc [mm]
      0.0000       0.0120
      0.8715       0.0177
      1.7431       0.0235
      2.6146       0.0292
      3.4862       0.0350
      4.3577       0.0407
      5.2292       0.0465
      6.1008       0.0522
      6.9723       0.0580
      7.8438       0.0637
      8.7154       0.0695
      9.5869       0.0752
     10.4585       0.0810
     11.3300       0.0867
     12.2015       0.0925
     13.0731       0.0982
     13.9446       0.1040
     14.8162       0.1097
     15.6877       0.1155
     16.5592       0.1212
     17.4308       0.1270
     18.3023       0.1327
     19.1738       0.1385
     20.0454       0.1442
     20.9169       0.1500
     21.7885       0.1557
     22.6600       0.1615
     23.5315       0.1672
     24.4031       0.1730
     25.2746       0.1787
     26.1462       0.1845
     27.0177       0.1902

EXERCÍCIO 02
 a = 310.00 mm
 b = 270.00 mm
 δ =   0.06 mm

EXERCÍCIO 03
 Item a
 b = 110.00 mm
