EXERCÍCIO 01
Teste Tração 01
 L0 = 100.00 mm
 d0 =  10.00 mm
 A  =  78.48 mm² (no limite de proporcionalidade)
  Carga [kN]  Desloc [mm]
      0.0000       0.0000
      0.3884       0.0024
      0.7768       0.0048
      1.1652       0.0072
      1.5537       0.0096
      1.9421       0.0120
      2.3305       0.0144
      2.7189       0.0168
      3.1073       0.0192
      3.4957       0.0216
      3.8842       0.0240
      4.2726       0.0264
      4.6610       0.0288
      5.0494       0.0312
      5.4378       0.0336
      5.8262       0.0360
      6.2146       0.0384
      6.6031       0.0408
      6.9915       0.0432
      7.3799       0.0456
      7.7683       0.0480
      8.1567       0.0504
      8.5451       0.0528
      8.9335       0.0552
      9.3220       0.0576
      9.7104       0.0600
     10.0988       0.0624
     10.4872       0.0648
     10.8756       0.0672
     11.2640       0.0696
     11.6525       0.0720
     12.0409       0.0744
     12.4293       0.0768
     12.8177       0.0792
     13.2061       0.0816
     13.5945       0.0840
     13.9829       0.0864
     14.3714       0.0888
     14.7598       0.0912
     15.1482       0.0936
     15.5366       0.0960
     15.9250       0.0984
     16.3134       0.1008
     16.7018       0.1032
     17.0903       0.1056
     17.4787       0.1080
     17.8671       0.1104
     18.2555       0.1128
     18.6439       0.1152
     19.0323       0.1176
     19.4208       0.1200
     19.8092       0.1224
     20.1976       0.1248
     20.5860       0.1272
     20.9744       0.1296
     21.3628       0.1320

Teste Tração 02
 L0 = 100.00 mm
 d0 =  10.00 mm
  Carga [kN]  Desloc [mm]
      0.0000       0.0136
      0.6891       0.0179
      1.3782       0.0221
      2.0674       0.0264
      2.7565       0.0306
      3.4456       0.0349
      4.1347       0.0392
      4.8239       0.0434
      5.5130       0.0477
      6.2021       0.0519
      6.8912       0.0562
      7.5804       0.0605
      8.2695       0.0647
      8.9586       0.0690
      9.6477       0.0732
     10.3369       0.0775
     11.0260       0.0817
     11.7151       0.0860
     12.4042       0.0903
     13.0933       0.0945
     13.7825       0.0988
     14.4716       0.1030
     15.1607       0.1073
     15.8498       0.1116
     16.5390       0.1158
     17.2281       0.1201
     17.9172       0.1243
     18.6063       0.1286
     19.2955       0.1329
     19.9846       0.1371
     20.6737       0.1414
     21.3628       0.1456

EXERCÍCIO 02
 a = 310.00 mm
 b = 230.00 mm
 δ =   0.25 mm

EXERCÍCIO 03
 Item b
 d =  85.00 mm
