EXERCÍCIO 01
Teste Tração 01
 L0 = 100.00 mm
 d0 =  10.00 mm
 A  =  78.47 mm² (no limite de proporcionalidade)
  Carga [kN]  Desloc [mm]
      0.0000       0.0000
      0.4589       0.0031
      0.9178       0.0062
      1.3768       0.0093
      1.8357       0.0124
      2.2946       0.0155
      2.7535       0.0185
      3.2124       0.0216
      3.6714       0.0247
      4.1303       0.0278
      4.5892       0.0309
      5.0481       0.0340
      5.5070       0.0371
      5.9659       0.0402
      6.4249       0.0433
      6.8838       0.0464
      7.3427       0.0495
      7.8016       0.0526
      8.2605       0.0556
      8.7195       0.0587
      9.1784       0.0618
      9.6373       0.0649
     10.0962       0.0680
     10.5551       0.0711
     11.0141       0.0742
     11.4730       0.0773
     11.9319       0.0804
     12.3908       0.0835
     12.8497       0.0866
     13.3086       0.0897
     13.7676       0.0927
     14.2265       0.0958
     14.6854       0.0989
     15.1443       0.1020
     15.6032       0.1051
     16.0622       0.1082
     16.5211       0.1113
     16.9800       0.1144
     17.4389       0.1175
     17.8978       0.1206
     18.3568       0.1237
     18.8157       0.1268
     19.2746       0.1298
     19.7335       0.1329
     20.1924       0.1360
     20.6514       0.1391
     21.1103       0.1422
     21.5692       0.1453
     22.0281       0.1484
     22.4870       0.1515
     22.9459       0.1546
     23.4049       0.1577

Teste Tração 02
 L0 = 100.00 mm
 d0 =  10.00 mm
  Carga [kN]  Desloc [mm]
      0.0000       0.0118
      0.6884       0.0165
      1.3768       0.0211
      2.0651       0.0258
      2.7535       0.0304
      3.4419       0.0350
      4.1303       0.0397
      4.8186       0.0443
      5.5070       0.0489
      6.1954       0.0536
      6.8838       0.0582
      7.5722       0.0629
      8.2605       0.0675
      8.9489       0.0721
      9.6373       0.0768
     10.3257       0.0814
     11.0141       0.0860
     11.7024       0.0907
     12.3908       0.0953
     13.0792       0.1000
     13.7676       0.1046
     14.4559       0.1092
     15.1443       0.1139
     15.8327       0.1185
     16.5211       0.1231
     17.2095       0.1278
     17.8978       0.1324
     18.5862       0.1371
     19.2746       0.1417
     19.9630       0.1463
     20.6514       0.1510
     21.3397       0.1556
     22.0281       0.1602
     22.7165       0.1649
     23.4049       0.1695

EXERCÍCIO 02
 a = 345.00 mm
 b = 275.00 mm
 δ =   0.13 mm

EXERCÍCIO 03
 Item a
 b = 150.00 mm
