EXERCÍCIO 01
Teste Tração 01
 L0 = 100.00 mm
 d0 =  10.00 mm
 A  =  78.47 mm² (no limite de proporcionalidade)
  Carga [kN]  Desloc [mm]
      0.0000       0.0000
      0.4643       0.0030
      0.9287       0.0060
      1.3930       0.0090
      1.8574       0.0119
      2.3217       0.0149
      2.7861       0.0179
      3.2504       0.0209
      3.7148       0.0239
      4.1791       0.0269
      4.6435       0.0299
      5.1078       0.0328
      5.5722       0.0358
      6.0365       0.0388
      6.5009       0.0418
      6.9652       0.0448
      7.4296       0.0478
      7.8939       0.0508
      8.3583       0.0537
      8.8226       0.0567
      9.2870       0.0597
      9.7513       0.0627
     10.2157       0.0657
     10.6800       0.0687
     11.1444       0.0717
     11.6087       0.0747
     12.0731       0.0776
     12.5374       0.0806
     13.0018       0.0836
     13.4661       0.0866
     13.9305       0.0896
     14.3948       0.0926
     14.8592       0.0956
     15.3235       0.0985
     15.7879       0.1015
     16.2522       0.1045
     16.7166       0.1075
     17.1809       0.1105
     17.6453       0.1135
     18.1096       0.1165
     18.5740       0.1194
     19.0383       0.1224
     19.5027       0.1254
     19.9670       0.1284
     20.4314       0.1314
     20.8957       0.1344
     21.3601       0.1374
     21.8244       0.1403
     22.2888       0.1433
     22.7531       0.1463
     23.2175       0.1493
     23.6818       0.1523
     24.1462       0.1553
     24.6105       0.1583
     25.0749       0.1612
     25.5392       0.1642
     26.0036       0.1672
     26.4679       0.1702

Teste Tração 02
 L0 = 100.00 mm
 d0 =  10.00 mm
  Carga [kN]  Desloc [mm]
      0.0000       0.0102
      0.8021       0.0154
      1.6041       0.0206
      2.4062       0.0257
      3.2082       0.0309
      4.0103       0.0360
      4.8123       0.0412
      5.6144       0.0463
      6.4165       0.0515
      7.2185       0.0567
      8.0206       0.0618
      8.8226       0.0670
      9.6247       0.0721
     10.4268       0.0773
     11.2288       0.0824
     12.0309       0.0876
     12.8329       0.0928
     13.6350       0.0979
     14.4370       0.1031
     15.2391       0.1082
     16.0412       0.1134
     16.8432       0.1186
     17.6453       0.1237
     18.4473       0.1289
     19.2494       0.1340
     20.0515       0.1392
     20.8535       0.1443
     21.6556       0.1495
     22.4576       0.1547
     23.2597       0.1598
     24.0617       0.1650
     24.8638       0.1701
     25.6659       0.1753
     26.4679       0.1804

EXERCÍCIO 02
 a = 325.00 mm
 b = 265.00 mm
 δ =   0.23 mm

EXERCÍCIO 03
 Item a
 b = 125.00 mm
