EXERCÍCIO 01
Teste Tração 01
 L0 = 100.00 mm
 d0 =  10.00 mm
 A  =  78.46 mm² (no limite de proporcionalidade)
  Carga [kN]  Desloc [mm]
      0.0000       0.0000
      0.4165       0.0027
      0.8331       0.0053
      1.2496       0.0080
      1.6662       0.0107
      2.0827       0.0133
      2.4992       0.0160
      2.9158       0.0187
      3.3323       0.0213
      3.7489       0.0240
      4.1654       0.0267
      4.5820       0.0293
      4.9985       0.0320
      5.4150       0.0346
      5.8316       0.0373
      6.2481       0.0400
      6.6647       0.0426
      7.0812       0.0453
      7.4977       0.0480
      7.9143       0.0506
      8.3308       0.0533
      8.7474       0.0560
      9.1639       0.0586
      9.5805       0.0613
      9.9970       0.0640
     10.4135       0.0666
     10.8301       0.0693
     11.2466       0.0720
     11.6632       0.0746
     12.0797       0.0773
     12.4962       0.0800
     12.9128       0.0826
     13.3293       0.0853
     13.7459       0.0879
     14.1624       0.0906
     14.5790       0.0933
     14.9955       0.0959
     15.4120       0.0986
     15.8286       0.1013
     16.2451       0.1039
     16.6617       0.1066
     17.0782       0.1093
     17.4947       0.1119
     17.9113       0.1146
     18.3278       0.1173
     18.7444       0.1199
     19.1609       0.1226
     19.5775       0.1253
     19.9940       0.1279
     20.4105       0.1306
     20.8271       0.1333
     21.2436       0.1359
     21.6602       0.1386
     22.0767       0.1413
     22.4932       0.1439
     22.9098       0.1466
     23.3263       0.1492

Teste Tração 02
 L0 = 100.00 mm
 d0 =  10.00 mm
  Carga [kN]  Desloc [mm]
      0.0000       0.0125
      0.6861       0.0169
      1.3721       0.0213
      2.0582       0.0256
      2.7443       0.0300
      3.4303       0.0344
      4.1164       0.0388
      4.8025       0.0432
      5.4885       0.0476
      6.1746       0.0520
      6.8607       0.0564
      7.5468       0.0608
      8.2328       0.0652
      8.9189       0.0695
      9.6050       0.0739
     10.2910       0.0783
     10.9771       0.0827
     11.6632       0.0871
     12.3492       0.0915
     13.0353       0.0959
     13.7214       0.1003
     14.4074       0.1047
     15.0935       0.1091
     15.7796       0.1134
     16.4656       0.1178
     17.1517       0.1222
     17.8378       0.1266
     18.5238       0.1310
     19.2099       0.1354
     19.8960       0.1398
     20.5821       0.1442
     21.2681       0.1486
     21.9542       0.1529
     22.6403       0.1573
     23.3263       0.1617

EXERCÍCIO 02
 a = 340.00 mm
 b = 250.00 mm
 δ =   0.16 mm

EXERCÍCIO 03
 Item a
 b =  95.00 mm
