EXERCÍCIO 01
Teste Tração 01
 L0 = 100.00 mm
 d0 =  10.00 mm
 A  =  78.46 mm² (no limite de proporcionalidade)
  Carga [kN]  Desloc [mm]
      0.0000       0.0000
      0.4414       0.0031
      0.8829       0.0062
      1.3243       0.0093
      1.7658       0.0124
      2.2072       0.0154
      2.6487       0.0185
      3.0901       0.0216
      3.5316       0.0247
      3.9730       0.0278
      4.4145       0.0309
      4.8559       0.0340
      5.2974       0.0371
      5.7388       0.0401
      6.1803       0.0432
      6.6217       0.0463
      7.0632       0.0494
      7.5046       0.0525
      7.9461       0.0556
      8.3875       0.0587
      8.8290       0.0618
      9.2704       0.0649
      9.7119       0.0679
     10.1533       0.0710
     10.5948       0.0741
     11.0362       0.0772
     11.4776       0.0803
     11.9191       0.0834
     12.3605       0.0865
     12.8020       0.0896
     13.2434       0.0926
     13.6849       0.0957
     14.1263       0.0988
     14.5678       0.1019
     15.0092       0.1050
     15.4507       0.1081
     15.8921       0.1112
     16.3336       0.1143
     16.7750       0.1174
     17.2165       0.1204
     17.6579       0.1235
     18.0994       0.1266
     18.5408       0.1297
     18.9823       0.1328
     19.4237       0.1359
     19.8652       0.1390
     20.3066       0.1421
     20.7481       0.1451
     21.1895       0.1482
     21.6309       0.1513
     22.0724       0.1544
     22.5138       0.1575
     22.9553       0.1606
     23.3967       0.1637
     23.8382       0.1668
     24.2796       0.1699
     24.7211       0.1729
     25.1625       0.1760
     25.6040       0.1791

Teste Tração 02
 L0 = 100.00 mm
 d0 =  10.00 mm
  Carga [kN]  Desloc [mm]
      0.0000       0.0102
      0.8535       0.0162
      1.7069       0.0222
      2.5604       0.0282
      3.4139       0.0341
      4.2673       0.0401
      5.1208       0.0461
      5.9743       0.0520
      6.8277       0.0580
      7.6812       0.0640
      8.5347       0.0699
      9.3881       0.0759
     10.2416       0.0819
     11.0951       0.0879
     11.9485       0.0938
     12.8020       0.0998
     13.6555       0.1058
     14.5089       0.1117
     15.3624       0.1177
     16.2159       0.1237
     17.0693       0.1297
     17.9228       0.1356
     18.7763       0.1416
     19.6297       0.1476
     20.4832       0.1535
     21.3367       0.1595
     22.1901       0.1655
     23.0436       0.1714
     23.8970       0.1774
     24.7505       0.1834
     25.6040       0.1894

EXERCÍCIO 02
 a = 330.00 mm
 b = 235.00 mm
 δ =   0.26 mm

EXERCÍCIO 03
 Item a
 b = 125.00 mm
