EXERCÍCIO 01
Teste Tração 01
 L0 = 100.00 mm
 d0 =  10.00 mm
 A  =  78.46 mm² (no limite de proporcionalidade)
  Carga [kN]  Desloc [mm]
      0.0000       0.0000
      0.4451       0.0031
      0.8901       0.0062
      1.3352       0.0093
      1.7802       0.0124
      2.2253       0.0155
      2.6704       0.0186
      3.1154       0.0217
      3.5605       0.0248
      4.0055       0.0279
      4.4506       0.0310
      4.8956       0.0341
      5.3407       0.0372
      5.7858       0.0403
      6.2308       0.0434
      6.6759       0.0464
      7.1209       0.0495
      7.5660       0.0526
      8.0111       0.0557
      8.4561       0.0588
      8.9012       0.0619
      9.3462       0.0650
      9.7913       0.0681
     10.2364       0.0712
     10.6814       0.0743
     11.1265       0.0774
     11.5715       0.0805
     12.0166       0.0836
     12.4617       0.0867
     12.9067       0.0898
     13.3518       0.0929
     13.7968       0.0960
     14.2419       0.0991
     14.6869       0.1022
     15.1320       0.1053
     15.5771       0.1084
     16.0221       0.1115
     16.4672       0.1146
     16.9122       0.1177
     17.3573       0.1208
     17.8024       0.1239
     18.2474       0.1270
     18.6925       0.1301
     19.1375       0.1332
     19.5826       0.1362
     20.0277       0.1393
     20.4727       0.1424
     20.9178       0.1455
     21.3628       0.1486
     21.8079       0.1517
     22.2529       0.1548
     22.6980       0.1579

Teste Tração 02
 L0 = 100.00 mm
 d0 =  10.00 mm
  Carga [kN]  Desloc [mm]
      0.0000       0.0126
      0.7322       0.0177
      1.4644       0.0227
      2.1966       0.0278
      2.9288       0.0329
      3.6610       0.0380
      4.3932       0.0431
      5.1254       0.0482
      5.8576       0.0533
      6.5897       0.0584
      7.3219       0.0635
      8.0541       0.0686
      8.7863       0.0737
      9.5185       0.0788
     10.2507       0.0839
     10.9829       0.0890
     11.7151       0.0941
     12.4473       0.0992
     13.1795       0.1043
     13.9117       0.1094
     14.6439       0.1144
     15.3761       0.1195
     16.1083       0.1246
     16.8405       0.1297
     17.5727       0.1348
     18.3048       0.1399
     19.0370       0.1450
     19.7692       0.1501
     20.5014       0.1552
     21.2336       0.1603
     21.9658       0.1654
     22.6980       0.1705

EXERCÍCIO 02
 a = 315.00 mm
 b = 255.00 mm
 δ =   0.27 mm

EXERCÍCIO 03
 Item a
 b = 115.00 mm
