EXERCÍCIO 01
Teste Tração 01
 L0 = 100.00 mm
 d0 =  10.00 mm
 A  =  78.47 mm² (no limite de proporcionalidade)
  Carga [kN]  Desloc [mm]
      0.0000       0.0000
      0.4299       0.0030
      0.8598       0.0060
      1.2897       0.0090
      1.7196       0.0120
      2.1495       0.0150
      2.5794       0.0179
      3.0093       0.0209
      3.4392       0.0239
      3.8691       0.0269
      4.2990       0.0299
      4.7289       0.0329
      5.1588       0.0359
      5.5887       0.0389
      6.0186       0.0419
      6.4485       0.0449
      6.8784       0.0479
      7.3083       0.0508
      7.7382       0.0538
      8.1681       0.0568
      8.5980       0.0598
      9.0279       0.0628
      9.4578       0.0658
      9.8877       0.0688
     10.3177       0.0718
     10.7476       0.0748
     11.1775       0.0778
     11.6074       0.0808
     12.0373       0.0838
     12.4672       0.0867
     12.8971       0.0897
     13.3270       0.0927
     13.7569       0.0957
     14.1868       0.0987
     14.6167       0.1017
     15.0466       0.1047
     15.4765       0.1077
     15.9064       0.1107
     16.3363       0.1137
     16.7662       0.1167
     17.1961       0.1196
     17.6260       0.1226
     18.0559       0.1256
     18.4858       0.1286
     18.9157       0.1316
     19.3456       0.1346
     19.7755       0.1376
     20.2054       0.1406
     20.6353       0.1436
     21.0652       0.1466
     21.4951       0.1496
     21.9250       0.1525
     22.3549       0.1555
     22.7848       0.1585
     23.2147       0.1615
     23.6446       0.1645
     24.0745       0.1675
     24.5044       0.1705

Teste Tração 02
 L0 = 100.00 mm
 d0 =  10.00 mm
  Carga [kN]  Desloc [mm]
      0.0000       0.0115
      0.6283       0.0159
      1.2566       0.0203
      1.8850       0.0246
      2.5133       0.0290
      3.1416       0.0334
      3.7699       0.0377
      4.3982       0.0421
      5.0265       0.0465
      5.6549       0.0509
      6.2832       0.0552
      6.9115       0.0596
      7.5398       0.0640
      8.1681       0.0684
      8.7965       0.0727
      9.4248       0.0771
     10.0531       0.0815
     10.6814       0.0858
     11.3097       0.0902
     11.9381       0.0946
     12.5664       0.0990
     13.1947       0.1033
     13.8230       0.1077
     14.4513       0.1121
     15.0796       0.1164
     15.7080       0.1208
     16.3363       0.1252
     16.9646       0.1296
     17.5929       0.1339
     18.2212       0.1383
     18.8496       0.1427
     19.4779       0.1470
     20.1062       0.1514
     20.7345       0.1558
     21.3628       0.1602
     21.9911       0.1645
     22.6195       0.1689
     23.2478       0.1733
     23.8761       0.1776
     24.5044       0.1820

EXERCÍCIO 02
 a = 330.00 mm
 b = 240.00 mm
 δ =   0.06 mm

EXERCÍCIO 03
 Item b
 d = 120.00 mm
