EXERCÍCIO 01
Teste Tração 01
 L0 = 100.00 mm
 d0 =  10.00 mm
 A  =  78.47 mm² (no limite de proporcionalidade)
  Carga [kN]  Desloc [mm]
      0.0000       0.0000
      0.4087       0.0026
      0.8174       0.0052
      1.2261       0.0078
      1.6348       0.0105
      2.0435       0.0131
      2.4522       0.0157
      2.8609       0.0183
      3.2696       0.0209
      3.6783       0.0235
      4.0870       0.0261
      4.4957       0.0288
      4.9044       0.0314
      5.3131       0.0340
      5.7218       0.0366
      6.1305       0.0392
      6.5392       0.0418
      6.9479       0.0445
      7.3566       0.0471
      7.7653       0.0497
      8.1740       0.0523
      8.5827       0.0549
      8.9914       0.0575
      9.4001       0.0601
      9.8088       0.0628
     10.2174       0.0654
     10.6261       0.0680
     11.0348       0.0706
     11.4435       0.0732
     11.8522       0.0758
     12.2609       0.0784
     12.6696       0.0811
     13.0783       0.0837
     13.4870       0.0863
     13.8957       0.0889
     14.3044       0.0915
     14.7131       0.0941
     15.1218       0.0968
     15.5305       0.0994
     15.9392       0.1020
     16.3479       0.1046
     16.7566       0.1072
     17.1653       0.1098
     17.5740       0.1124
     17.9827       0.1151
     18.3914       0.1177
     18.8001       0.1203
     19.2088       0.1229
     19.6175       0.1255
     20.0262       0.1281
     20.4349       0.1307
     20.8436       0.1334
     21.2523       0.1360
     21.6610       0.1386
     22.0697       0.1412

Teste Tração 02
 L0 = 100.00 mm
 d0 =  10.00 mm
  Carga [kN]  Desloc [mm]
      0.0000       0.0144
      0.5808       0.0181
      1.1616       0.0218
      1.7423       0.0255
      2.3231       0.0293
      2.9039       0.0330
      3.4847       0.0367
      4.0655       0.0404
      4.6463       0.0441
      5.2270       0.0478
      5.8078       0.0516
      6.3886       0.0553
      6.9694       0.0590
      7.5502       0.0627
      8.1309       0.0664
      8.7117       0.0701
      9.2925       0.0739
      9.8733       0.0776
     10.4541       0.0813
     11.0348       0.0850
     11.6156       0.0887
     12.1964       0.0924
     12.7772       0.0962
     13.3580       0.0999
     13.9388       0.1036
     14.5195       0.1073
     15.1003       0.1110
     15.6811       0.1147
     16.2619       0.1184
     16.8427       0.1222
     17.4234       0.1259
     18.0042       0.1296
     18.5850       0.1333
     19.1658       0.1370
     19.7466       0.1407
     20.3273       0.1445
     20.9081       0.1482
     21.4889       0.1519
     22.0697       0.1556

EXERCÍCIO 02
 a = 315.00 mm
 b = 235.00 mm
 δ =   0.17 mm

EXERCÍCIO 03
 Item b
 d = 125.00 mm
