EXERCÍCIO 01
Teste Tração 01
 L0 = 100.00 mm
 d0 =  10.00 mm
 A  =  78.47 mm² (no limite de proporcionalidade)
  Carga [kN]  Desloc [mm]
      0.0000       0.0000
      0.4465       0.0027
      0.8930       0.0054
      1.3395       0.0082
      1.7861       0.0109
      2.2326       0.0136
      2.6791       0.0163
      3.1256       0.0190
      3.5721       0.0218
      4.0186       0.0245
      4.4651       0.0272
      4.9116       0.0299
      5.3582       0.0326
      5.8047       0.0354
      6.2512       0.0381
      6.6977       0.0408
      7.1442       0.0435
      7.5907       0.0462
      8.0372       0.0490
      8.4838       0.0517
      8.9303       0.0544
      9.3768       0.0571
      9.8233       0.0598
     10.2698       0.0626
     10.7163       0.0653
     11.1628       0.0680
     11.6093       0.0707
     12.0559       0.0734
     12.5024       0.0762
     12.9489       0.0789
     13.3954       0.0816
     13.8419       0.0843
     14.2884       0.0870
     14.7349       0.0898
     15.1815       0.0925
     15.6280       0.0952
     16.0745       0.0979
     16.5210       0.1006
     16.9675       0.1034
     17.4140       0.1061
     17.8605       0.1088
     18.3070       0.1115
     18.7536       0.1142
     19.2001       0.1170
     19.6466       0.1197
     20.0931       0.1224
     20.5396       0.1251
     20.9861       0.1278
     21.4326       0.1306
     21.8792       0.1333
     22.3257       0.1360
     22.7722       0.1387
     23.2187       0.1414
     23.6652       0.1442
     24.1117       0.1469

Teste Tração 02
 L0 = 100.00 mm
 d0 =  10.00 mm
  Carga [kN]  Desloc [mm]
      0.0000       0.0139
      0.7307       0.0184
      1.4613       0.0228
      2.1920       0.0273
      2.9226       0.0317
      3.6533       0.0362
      4.3839       0.0406
      5.1146       0.0451
      5.8453       0.0495
      6.5759       0.0540
      7.3066       0.0584
      8.0372       0.0629
      8.7679       0.0673
      9.4986       0.0718
     10.2292       0.0762
     10.9599       0.0807
     11.6905       0.0851
     12.4212       0.0896
     13.1518       0.0940
     13.8825       0.0985
     14.6132       0.1029
     15.3438       0.1074
     16.0745       0.1118
     16.8051       0.1163
     17.5358       0.1207
     18.2665       0.1252
     18.9971       0.1297
     19.7278       0.1341
     20.4584       0.1386
     21.1891       0.1430
     21.9197       0.1475
     22.6504       0.1519
     23.3811       0.1564
     24.1117       0.1608

EXERCÍCIO 02
 a = 310.00 mm
 b = 260.00 mm
 δ =   0.26 mm

EXERCÍCIO 03
 Item b
 d = 120.00 mm
