EXERCÍCIO 01
Teste Tração 01
 L0 = 100.00 mm
 d0 =  10.00 mm
 A  =  78.48 mm² (no limite de proporcionalidade)
  Carga [kN]  Desloc [mm]
      0.0000       0.0000
      0.4327       0.0030
      0.8654       0.0060
      1.2981       0.0090
      1.7308       0.0120
      2.1635       0.0150
      2.5963       0.0180
      3.0290       0.0210
      3.4617       0.0240
      3.8944       0.0269
      4.3271       0.0299
      4.7598       0.0329
      5.1925       0.0359
      5.6252       0.0389
      6.0579       0.0419
      6.4906       0.0449
      6.9234       0.0479
      7.3561       0.0509
      7.7888       0.0539
      8.2215       0.0569
      8.6542       0.0599
      9.0869       0.0629
      9.5196       0.0659
      9.9523       0.0689
     10.3850       0.0719
     10.8177       0.0749
     11.2505       0.0779
     11.6832       0.0808
     12.1159       0.0838
     12.5486       0.0868
     12.9813       0.0898
     13.4140       0.0928
     13.8467       0.0958
     14.2794       0.0988
     14.7121       0.1018
     15.1448       0.1048
     15.5776       0.1078
     16.0103       0.1108
     16.4430       0.1138
     16.8757       0.1168
     17.3084       0.1198
     17.7411       0.1228
     18.1738       0.1258
     18.6065       0.1288
     19.0392       0.1317
     19.4719       0.1347
     19.9047       0.1377
     20.3374       0.1407
     20.7701       0.1437
     21.2028       0.1467
     21.6355       0.1497
     22.0682       0.1527
     22.5009       0.1557
     22.9336       0.1587

Teste Tração 02
 L0 = 100.00 mm
 d0 =  10.00 mm
  Carga [kN]  Desloc [mm]
      0.0000       0.0088
      0.7398       0.0139
      1.4796       0.0190
      2.2194       0.0242
      2.9592       0.0293
      3.6990       0.0344
      4.4388       0.0395
      5.1786       0.0446
      5.9184       0.0498
      6.6581       0.0549
      7.3979       0.0600
      8.1377       0.0651
      8.8775       0.0702
      9.6173       0.0753
     10.3571       0.0805
     11.0969       0.0856
     11.8367       0.0907
     12.5765       0.0958
     13.3163       0.1009
     14.0561       0.1061
     14.7959       0.1112
     15.5357       0.1163
     16.2755       0.1214
     17.0153       0.1265
     17.7551       0.1317
     18.4949       0.1368
     19.2347       0.1419
     19.9744       0.1470
     20.7142       0.1521
     21.4540       0.1573
     22.1938       0.1624
     22.9336       0.1675

EXERCÍCIO 02
 a = 325.00 mm
 b = 270.00 mm
 δ =   0.29 mm

EXERCÍCIO 03
 Item b
 d =  80.00 mm
