EXERCÍCIO 01
Teste Tração 01
 L0 = 100.00 mm
 d0 =  10.00 mm
 A  =  78.47 mm² (no limite de proporcionalidade)
  Carga [kN]  Desloc [mm]
      0.0000       0.0000
      0.3694       0.0026
      0.7389       0.0051
      1.1083       0.0077
      1.4777       0.0102
      1.8471       0.0128
      2.2166       0.0153
      2.5860       0.0179
      2.9554       0.0205
      3.3249       0.0230
      3.6943       0.0256
      4.0637       0.0281
      4.4331       0.0307
      4.8026       0.0332
      5.1720       0.0358
      5.5414       0.0383
      5.9108       0.0409
      6.2803       0.0435
      6.6497       0.0460
      7.0191       0.0486
      7.3886       0.0511
      7.7580       0.0537
      8.1274       0.0562
      8.4968       0.0588
      8.8663       0.0614
      9.2357       0.0639
      9.6051       0.0665
      9.9746       0.0690
     10.3440       0.0716
     10.7134       0.0741
     11.0828       0.0767
     11.4523       0.0792
     11.8217       0.0818
     12.1911       0.0844
     12.5606       0.0869
     12.9300       0.0895
     13.2994       0.0920
     13.6688       0.0946
     14.0383       0.0971
     14.4077       0.0997
     14.7771       0.1023
     15.1465       0.1048
     15.5160       0.1074
     15.8854       0.1099
     16.2548       0.1125
     16.6243       0.1150
     16.9937       0.1176
     17.3631       0.1201
     17.7325       0.1227
     18.1020       0.1253
     18.4714       0.1278
     18.8408       0.1304
     19.2103       0.1329
     19.5797       0.1355
     19.9491       0.1380

Teste Tração 02
 L0 = 100.00 mm
 d0 =  10.00 mm
  Carga [kN]  Desloc [mm]
      0.0000       0.0118
      0.5392       0.0155
      1.0783       0.0192
      1.6175       0.0230
      2.1567       0.0267
      2.6958       0.0304
      3.2350       0.0341
      3.7742       0.0379
      4.3133       0.0416
      4.8525       0.0453
      5.3917       0.0491
      5.9308       0.0528
      6.4700       0.0565
      7.0091       0.0603
      7.5483       0.0640
      8.0875       0.0677
      8.6266       0.0715
      9.1658       0.0752
      9.7050       0.0789
     10.2441       0.0826
     10.7833       0.0864
     11.3225       0.0901
     11.8616       0.0938
     12.4008       0.0976
     12.9400       0.1013
     13.4791       0.1050
     14.0183       0.1088
     14.5575       0.1125
     15.0966       0.1162
     15.6358       0.1200
     16.1750       0.1237
     16.7141       0.1274
     17.2533       0.1311
     17.7925       0.1349
     18.3316       0.1386
     18.8708       0.1423
     19.4099       0.1461
     19.9491       0.1498

EXERCÍCIO 02
 a = 345.00 mm
 b = 255.00 mm
 δ =   0.09 mm

EXERCÍCIO 03
 Item a
 b =  90.00 mm
