EXERCÍCIO 01
Teste Tração 01
 L0 = 100.00 mm
 d0 =  10.00 mm
 A  =  78.46 mm² (no limite de proporcionalidade)
  Carga [kN]  Desloc [mm]
      0.0000       0.0000
      0.5089       0.0031
      1.0179       0.0062
      1.5268       0.0093
      2.0358       0.0124
      2.5447       0.0155
      3.0536       0.0186
      3.5626       0.0217
      4.0715       0.0248
      4.5804       0.0279
      5.0894       0.0310
      5.5983       0.0341
      6.1073       0.0372
      6.6162       0.0403
      7.1251       0.0434
      7.6341       0.0465
      8.1430       0.0496
      8.6519       0.0527
      9.1609       0.0558
      9.6698       0.0589
     10.1788       0.0620
     10.6877       0.0651
     11.1966       0.0682
     11.7056       0.0713
     12.2145       0.0744
     12.7235       0.0775
     13.2324       0.0806
     13.7413       0.0837
     14.2503       0.0868
     14.7592       0.0899
     15.2681       0.0930
     15.7771       0.0961
     16.2860       0.0992
     16.7950       0.1023
     17.3039       0.1054
     17.8128       0.1085
     18.3218       0.1116
     18.8307       0.1147
     19.3396       0.1178
     19.8486       0.1209
     20.3575       0.1240
     20.8665       0.1271
     21.3754       0.1302
     21.8843       0.1333
     22.3933       0.1364
     22.9022       0.1395
     23.4111       0.1426
     23.9201       0.1457
     24.4290       0.1488
     24.9380       0.1519
     25.4469       0.1550

Teste Tração 02
 L0 = 100.00 mm
 d0 =  10.00 mm
  Carga [kN]  Desloc [mm]
      0.0000       0.0093
      0.6878       0.0135
      1.3755       0.0177
      2.0633       0.0218
      2.7510       0.0260
      3.4388       0.0302
      4.1265       0.0344
      4.8143       0.0386
      5.5020       0.0428
      6.1898       0.0470
      6.8775       0.0512
      7.5653       0.0554
      8.2530       0.0596
      8.9408       0.0637
      9.6286       0.0679
     10.3163       0.0721
     11.0041       0.0763
     11.6918       0.0805
     12.3796       0.0847
     13.0673       0.0889
     13.7551       0.0931
     14.4428       0.0973
     15.1306       0.1015
     15.8183       0.1056
     16.5061       0.1098
     17.1939       0.1140
     17.8816       0.1182
     18.5694       0.1224
     19.2571       0.1266
     19.9449       0.1308
     20.6326       0.1350
     21.3204       0.1392
     22.0081       0.1434
     22.6959       0.1475
     23.3836       0.1517
     24.0714       0.1559
     24.7591       0.1601
     25.4469       0.1643

EXERCÍCIO 02
 a = 315.00 mm
 b = 230.00 mm
 δ =   0.18 mm

EXERCÍCIO 03
 Item a
 b = 100.00 mm
