EXERCÍCIO 01
Teste Tração 01
 L0 = 100.00 mm
 d0 =  10.00 mm
 A  =  78.47 mm² (no limite de proporcionalidade)
  Carga [kN]  Desloc [mm]
      0.0000       0.0000
      0.4422       0.0029
      0.8843       0.0058
      1.3265       0.0088
      1.7686       0.0117
      2.2108       0.0146
      2.6529       0.0175
      3.0951       0.0204
      3.5372       0.0233
      3.9794       0.0263
      4.4215       0.0292
      4.8637       0.0321
      5.3058       0.0350
      5.7480       0.0379
      6.1901       0.0408
      6.6323       0.0438
      7.0744       0.0467
      7.5166       0.0496
      7.9587       0.0525
      8.4009       0.0554
      8.8430       0.0583
      9.2852       0.0613
      9.7273       0.0642
     10.1695       0.0671
     10.6116       0.0700
     11.0538       0.0729
     11.4959       0.0758
     11.9381       0.0788
     12.3802       0.0817
     12.8224       0.0846
     13.2645       0.0875
     13.7067       0.0904
     14.1488       0.0933
     14.5910       0.0963
     15.0331       0.0992
     15.4753       0.1021
     15.9174       0.1050
     16.3596       0.1079
     16.8017       0.1108
     17.2439       0.1138
     17.6860       0.1167
     18.1282       0.1196
     18.5703       0.1225
     19.0125       0.1254
     19.4546       0.1283
     19.8968       0.1313
     20.3389       0.1342
     20.7811       0.1371
     21.2232       0.1400
     21.6654       0.1429
     22.1075       0.1458
     22.5497       0.1488
     22.9918       0.1517
     23.4340       0.1546
     23.8761       0.1575

Teste Tração 02
 L0 = 100.00 mm
 d0 =  10.00 mm
  Carga [kN]  Desloc [mm]
      0.0000       0.0093
      0.6453       0.0135
      1.2906       0.0178
      1.9359       0.0221
      2.5812       0.0263
      3.2265       0.0306
      3.8718       0.0348
      4.5171       0.0391
      5.1624       0.0433
      5.8077       0.0476
      6.4530       0.0519
      7.0983       0.0561
      7.7436       0.0604
      8.3889       0.0646
      9.0342       0.0689
      9.6795       0.0731
     10.3248       0.0774
     10.9701       0.0817
     11.6154       0.0859
     12.2607       0.0902
     12.9060       0.0944
     13.5513       0.0987
     14.1966       0.1029
     14.8419       0.1072
     15.4872       0.1115
     16.1325       0.1157
     16.7778       0.1200
     17.4231       0.1242
     18.0684       0.1285
     18.7137       0.1327
     19.3590       0.1370
     20.0043       0.1413
     20.6496       0.1455
     21.2949       0.1498
     21.9402       0.1540
     22.5855       0.1583
     23.2308       0.1625
     23.8761       0.1668

EXERCÍCIO 02
 a = 330.00 mm
 b = 220.00 mm
 δ =   0.18 mm

EXERCÍCIO 03
 Item b
 d = 135.00 mm
