EXERCÍCIO 01
Teste Tração 01
 L0 = 100.00 mm
 d0 =  10.00 mm
 A  =  78.46 mm² (no limite de proporcionalidade)
  Carga [kN]  Desloc [mm]
      0.0000       0.0000
      0.4160       0.0029
      0.8319       0.0059
      1.2479       0.0088
      1.6639       0.0117
      2.0799       0.0146
      2.4958       0.0176
      2.9118       0.0205
      3.3278       0.0234
      3.7437       0.0263
      4.1597       0.0293
      4.5757       0.0322
      4.9916       0.0351
      5.4076       0.0380
      5.8236       0.0410
      6.2396       0.0439
      6.6555       0.0468
      7.0715       0.0497
      7.4875       0.0527
      7.9034       0.0556
      8.3194       0.0585
      8.7354       0.0614
      9.1513       0.0644
      9.5673       0.0673
      9.9833       0.0702
     10.3993       0.0732
     10.8152       0.0761
     11.2312       0.0790
     11.6472       0.0819
     12.0631       0.0849
     12.4791       0.0878
     12.8951       0.0907
     13.3110       0.0936
     13.7270       0.0966
     14.1430       0.0995
     14.5590       0.1024
     14.9749       0.1053
     15.3909       0.1083
     15.8069       0.1112
     16.2228       0.1141
     16.6388       0.1170
     17.0548       0.1200
     17.4707       0.1229
     17.8867       0.1258
     18.3027       0.1287
     18.7187       0.1317
     19.1346       0.1346
     19.5506       0.1375
     19.9666       0.1405
     20.3825       0.1434
     20.7985       0.1463
     21.2145       0.1492
     21.6304       0.1522
     22.0464       0.1551
     22.4624       0.1580

Teste Tração 02
 L0 = 100.00 mm
 d0 =  10.00 mm
  Carga [kN]  Desloc [mm]
      0.0000       0.0124
      0.5911       0.0166
      1.1822       0.0207
      1.7733       0.0249
      2.3645       0.0290
      2.9556       0.0332
      3.5467       0.0373
      4.1378       0.0415
      4.7289       0.0457
      5.3200       0.0498
      5.9112       0.0540
      6.5023       0.0581
      7.0934       0.0623
      7.6845       0.0665
      8.2756       0.0706
      8.8667       0.0748
      9.4578       0.0789
     10.0490       0.0831
     10.6401       0.0872
     11.2312       0.0914
     11.8223       0.0956
     12.4134       0.0997
     13.0045       0.1039
     13.5957       0.1080
     14.1868       0.1122
     14.7779       0.1164
     15.3690       0.1205
     15.9601       0.1247
     16.5512       0.1288
     17.1423       0.1330
     17.7335       0.1371
     18.3246       0.1413
     18.9157       0.1455
     19.5068       0.1496
     20.0979       0.1538
     20.6890       0.1579
     21.2802       0.1621
     21.8713       0.1663
     22.4624       0.1704

EXERCÍCIO 02
 a = 300.00 mm
 b = 235.00 mm
 δ =   0.23 mm

EXERCÍCIO 03
 Item b
 d =  85.00 mm
