EXERCÍCIO 01
Teste Tração 01
 L0 = 100.00 mm
 d0 =  10.00 mm
 A  =  78.48 mm² (no limite de proporcionalidade)
  Carga [kN]  Desloc [mm]
      0.0000       0.0000
      0.4536       0.0028
      0.9072       0.0057
      1.3608       0.0085
      1.8144       0.0114
      2.2680       0.0142
      2.7216       0.0171
      3.1753       0.0199
      3.6289       0.0228
      4.0825       0.0256
      4.5361       0.0285
      4.9897       0.0313
      5.4433       0.0341
      5.8969       0.0370
      6.3505       0.0398
      6.8041       0.0427
      7.2577       0.0455
      7.7113       0.0484
      8.1649       0.0512
      8.6185       0.0541
      9.0722       0.0569
      9.5258       0.0597
      9.9794       0.0626
     10.4330       0.0654
     10.8866       0.0683
     11.3402       0.0711
     11.7938       0.0740
     12.2474       0.0768
     12.7010       0.0797
     13.1546       0.0825
     13.6082       0.0854
     14.0618       0.0882
     14.5154       0.0910
     14.9690       0.0939
     15.4227       0.0967
     15.8763       0.0996
     16.3299       0.1024
     16.7835       0.1053
     17.2371       0.1081
     17.6907       0.1110
     18.1443       0.1138
     18.5979       0.1166
     19.0515       0.1195
     19.5051       0.1223
     19.9587       0.1252
     20.4123       0.1280
     20.8659       0.1309
     21.3196       0.1337
     21.7732       0.1366
     22.2268       0.1394

Teste Tração 02
 L0 = 100.00 mm
 d0 =  10.00 mm
  Carga [kN]  Desloc [mm]
      0.0000       0.0137
      0.6351       0.0177
      1.2701       0.0216
      1.9052       0.0256
      2.5402       0.0296
      3.1753       0.0336
      3.8103       0.0376
      4.4454       0.0416
      5.0804       0.0455
      5.7155       0.0495
      6.3505       0.0535
      6.9856       0.0575
      7.6206       0.0615
      8.2557       0.0655
      8.8907       0.0694
      9.5258       0.0734
     10.1608       0.0774
     10.7959       0.0814
     11.4309       0.0854
     12.0660       0.0894
     12.7010       0.0933
     13.3361       0.0973
     13.9711       0.1013
     14.6062       0.1053
     15.2412       0.1093
     15.8763       0.1133
     16.5113       0.1172
     17.1464       0.1212
     17.7814       0.1252
     18.4165       0.1292
     19.0515       0.1332
     19.6866       0.1372
     20.3216       0.1411
     20.9567       0.1451
     21.5917       0.1491
     22.2268       0.1531

EXERCÍCIO 02
 a = 310.00 mm
 b = 250.00 mm
 δ =   0.11 mm

EXERCÍCIO 03
 Item b
 d =  90.00 mm
