EXERCÍCIO 01
Teste Tração 01
 L0 = 100.00 mm
 d0 =  10.00 mm
 A  =  78.48 mm² (no limite de proporcionalidade)
  Carga [kN]  Desloc [mm]
      0.0000       0.0000
      0.4100       0.0028
      0.8200       0.0056
      1.2299       0.0084
      1.6399       0.0112
      2.0499       0.0140
      2.4599       0.0167
      2.8698       0.0195
      3.2798       0.0223
      3.6898       0.0251
      4.0998       0.0279
      4.5098       0.0307
      4.9197       0.0335
      5.3297       0.0363
      5.7397       0.0391
      6.1497       0.0419
      6.5596       0.0447
      6.9696       0.0475
      7.3796       0.0502
      7.7896       0.0530
      8.1996       0.0558
      8.6095       0.0586
      9.0195       0.0614
      9.4295       0.0642
      9.8395       0.0670
     10.2494       0.0698
     10.6594       0.0726
     11.0694       0.0754
     11.4794       0.0782
     11.8894       0.0810
     12.2993       0.0837
     12.7093       0.0865
     13.1193       0.0893
     13.5293       0.0921
     13.9392       0.0949
     14.3492       0.0977
     14.7592       0.1005
     15.1692       0.1033
     15.5792       0.1061
     15.9891       0.1089
     16.3991       0.1117
     16.8091       0.1144
     17.2191       0.1172
     17.6290       0.1200
     18.0390       0.1228
     18.4490       0.1256
     18.8590       0.1284
     19.2690       0.1312
     19.6789       0.1340
     20.0889       0.1368
     20.4989       0.1396

Teste Tração 02
 L0 = 100.00 mm
 d0 =  10.00 mm
  Carga [kN]  Desloc [mm]
      0.0000       0.0121
      0.7069       0.0169
      1.4137       0.0217
      2.1206       0.0265
      2.8274       0.0313
      3.5343       0.0361
      4.2412       0.0410
      4.9480       0.0458
      5.6549       0.0506
      6.3617       0.0554
      7.0686       0.0602
      7.7754       0.0650
      8.4823       0.0698
      9.1892       0.0746
      9.8960       0.0795
     10.6029       0.0843
     11.3097       0.0891
     12.0166       0.0939
     12.7235       0.0987
     13.4303       0.1035
     14.1372       0.1083
     14.8440       0.1131
     15.5509       0.1180
     16.2577       0.1228
     16.9646       0.1276
     17.6715       0.1324
     18.3783       0.1372
     19.0852       0.1420
     19.7920       0.1468
     20.4989       0.1517

EXERCÍCIO 02
 a = 320.00 mm
 b = 265.00 mm
 δ =   0.15 mm

EXERCÍCIO 03
 Item b
 d = 100.00 mm
