EXERCÍCIO 01
Teste Tração 01
 L0 = 100.00 mm
 d0 =  10.00 mm
 A  =  78.47 mm² (no limite de proporcionalidade)
  Carga [kN]  Desloc [mm]
      0.0000       0.0000
      0.3779       0.0023
      0.7558       0.0046
      1.1336       0.0069
      1.5115       0.0093
      1.8894       0.0116
      2.2673       0.0139
      2.6452       0.0162
      3.0230       0.0185
      3.4009       0.0208
      3.7788       0.0231
      4.1567       0.0254
      4.5346       0.0278
      4.9124       0.0301
      5.2903       0.0324
      5.6682       0.0347
      6.0461       0.0370
      6.4240       0.0393
      6.8018       0.0416
      7.1797       0.0439
      7.5576       0.0463
      7.9355       0.0486
      8.3134       0.0509
      8.6912       0.0532
      9.0691       0.0555
      9.4470       0.0578
      9.8249       0.0601
     10.2028       0.0625
     10.5806       0.0648
     10.9585       0.0671
     11.3364       0.0694
     11.7143       0.0717
     12.0922       0.0740
     12.4700       0.0763
     12.8479       0.0786
     13.2258       0.0810
     13.6037       0.0833
     13.9816       0.0856
     14.3594       0.0879
     14.7373       0.0902
     15.1152       0.0925
     15.4931       0.0948
     15.8710       0.0972
     16.2489       0.0995
     16.6267       0.1018
     17.0046       0.1041
     17.3825       0.1064
     17.7604       0.1087
     18.1383       0.1110
     18.5161       0.1133
     18.8940       0.1157
     19.2719       0.1180
     19.6498       0.1203
     20.0277       0.1226

Teste Tração 02
 L0 = 100.00 mm
 d0 =  10.00 mm
  Carga [kN]  Desloc [mm]
      0.0000       0.0144
      0.5563       0.0178
      1.1126       0.0212
      1.6690       0.0246
      2.2253       0.0280
      2.7816       0.0314
      3.3379       0.0348
      3.8943       0.0382
      4.4506       0.0416
      5.0069       0.0450
      5.5632       0.0485
      6.1196       0.0519
      6.6759       0.0553
      7.2322       0.0587
      7.7885       0.0621
      8.3449       0.0655
      8.9012       0.0689
      9.4575       0.0723
     10.0138       0.0757
     10.5702       0.0791
     11.1265       0.0825
     11.6828       0.0859
     12.2391       0.0893
     12.7954       0.0927
     13.3518       0.0961
     13.9081       0.0995
     14.4644       0.1029
     15.0207       0.1063
     15.5771       0.1098
     16.1334       0.1132
     16.6897       0.1166
     17.2460       0.1200
     17.8024       0.1234
     18.3587       0.1268
     18.9150       0.1302
     19.4713       0.1336
     20.0277       0.1370

EXERCÍCIO 02
 a = 335.00 mm
 b = 275.00 mm
 δ =   0.11 mm

EXERCÍCIO 03
 Item b
 d = 110.00 mm
