EXERCÍCIO 01
Teste Tração 01
 L0 = 100.00 mm
 d0 =  10.00 mm
 A  =  78.45 mm² (no limite de proporcionalidade)
  Carga [kN]  Desloc [mm]
      0.0000       0.0000
      0.4785       0.0031
      0.9570       0.0062
      1.4355       0.0092
      1.9140       0.0123
      2.3926       0.0154
      2.8711       0.0185
      3.3496       0.0215
      3.8281       0.0246
      4.3066       0.0277
      4.7851       0.0308
      5.2636       0.0338
      5.7421       0.0369
      6.2206       0.0400
      6.6992       0.0431
      7.1777       0.0462
      7.6562       0.0492
      8.1347       0.0523
      8.6132       0.0554
      9.0917       0.0585
      9.5702       0.0615
     10.0487       0.0646
     10.5272       0.0677
     11.0058       0.0708
     11.4843       0.0738
     11.9628       0.0769
     12.4413       0.0800
     12.9198       0.0831
     13.3983       0.0862
     13.8768       0.0892
     14.3553       0.0923
     14.8338       0.0954
     15.3124       0.0985
     15.7909       0.1015
     16.2694       0.1046
     16.7479       0.1077
     17.2264       0.1108
     17.7049       0.1139
     18.1834       0.1169
     18.6619       0.1200
     19.1404       0.1231
     19.6190       0.1262
     20.0975       0.1292
     20.5760       0.1323
     21.0545       0.1354
     21.5330       0.1385
     22.0115       0.1415
     22.4900       0.1446
     22.9685       0.1477
     23.4470       0.1508
     23.9256       0.1539
     24.4041       0.1569
     24.8826       0.1600
     25.3611       0.1631
     25.8396       0.1662

Teste Tração 02
 L0 = 100.00 mm
 d0 =  10.00 mm
  Carga [kN]  Desloc [mm]
      0.0000       0.0106
      0.8910       0.0163
      1.7820       0.0220
      2.6731       0.0277
      3.5641       0.0335
      4.4551       0.0392
      5.3461       0.0449
      6.2371       0.0507
      7.1282       0.0564
      8.0192       0.0621
      8.9102       0.0679
      9.8012       0.0736
     10.6922       0.0793
     11.5833       0.0850
     12.4743       0.0908
     13.3653       0.0965
     14.2563       0.1022
     15.1474       0.1080
     16.0384       0.1137
     16.9294       0.1194
     17.8204       0.1252
     18.7114       0.1309
     19.6025       0.1366
     20.4935       0.1423
     21.3845       0.1481
     22.2755       0.1538
     23.1665       0.1595
     24.0576       0.1653
     24.9486       0.1710
     25.8396       0.1767

EXERCÍCIO 02
 a = 345.00 mm
 b = 250.00 mm
 δ =   0.18 mm

EXERCÍCIO 03
 Item b
 d = 115.00 mm
