EXERCÍCIO 01
Teste Tração 01
 L0 = 100.00 mm
 d0 =  10.00 mm
 A  =  78.48 mm² (no limite de proporcionalidade)
  Carga [kN]  Desloc [mm]
      0.0000       0.0000
      0.4037       0.0028
      0.8074       0.0056
      1.2111       0.0083
      1.6148       0.0111
      2.0185       0.0139
      2.4222       0.0167
      2.8259       0.0194
      3.2296       0.0222
      3.6333       0.0250
      4.0369       0.0278
      4.4406       0.0306
      4.8443       0.0333
      5.2480       0.0361
      5.6517       0.0389
      6.0554       0.0417
      6.4591       0.0445
      6.8628       0.0472
      7.2665       0.0500
      7.6702       0.0528
      8.0739       0.0556
      8.4776       0.0583
      8.8813       0.0611
      9.2850       0.0639
      9.6887       0.0667
     10.0924       0.0695
     10.4961       0.0722
     10.8998       0.0750
     11.3035       0.0778
     11.7071       0.0806
     12.1108       0.0834
     12.5145       0.0861
     12.9182       0.0889
     13.3219       0.0917
     13.7256       0.0945
     14.1293       0.0972
     14.5330       0.1000
     14.9367       0.1028
     15.3404       0.1056
     15.7441       0.1084
     16.1478       0.1111
     16.5515       0.1139
     16.9552       0.1167
     17.3589       0.1195
     17.7626       0.1222
     18.1663       0.1250
     18.5700       0.1278
     18.9736       0.1306
     19.3773       0.1334
     19.7810       0.1361
     20.1847       0.1389

Teste Tração 02
 L0 = 100.00 mm
 d0 =  10.00 mm
  Carga [kN]  Desloc [mm]
      0.0000       0.0132
      0.6117       0.0174
      1.2233       0.0216
      1.8350       0.0258
      2.4466       0.0300
      3.0583       0.0342
      3.6700       0.0385
      4.2816       0.0427
      4.8933       0.0469
      5.5049       0.0511
      6.1166       0.0553
      6.7282       0.0595
      7.3399       0.0637
      7.9516       0.0679
      8.5632       0.0721
      9.1749       0.0763
      9.7865       0.0806
     10.3982       0.0848
     11.0099       0.0890
     11.6215       0.0932
     12.2332       0.0974
     12.8448       0.1016
     13.4565       0.1058
     14.0681       0.1100
     14.6798       0.1142
     15.2915       0.1184
     15.9031       0.1227
     16.5148       0.1269
     17.1264       0.1311
     17.7381       0.1353
     18.3498       0.1395
     18.9614       0.1437
     19.5731       0.1479
     20.1847       0.1521

EXERCÍCIO 02
 a = 325.00 mm
 b = 255.00 mm
 δ =   0.07 mm

EXERCÍCIO 03
 Item b
 d = 130.00 mm
