EXERCÍCIO 01
Teste Tração 01
 L0 = 100.00 mm
 d0 =  10.00 mm
 A  =  78.45 mm² (no limite de proporcionalidade)
  Carga [kN]  Desloc [mm]
      0.0000       0.0000
      0.4653       0.0033
      0.9306       0.0066
      1.3959       0.0099
      1.8612       0.0132
      2.3266       0.0165
      2.7919       0.0197
      3.2572       0.0230
      3.7225       0.0263
      4.1878       0.0296
      4.6531       0.0329
      5.1184       0.0362
      5.5837       0.0395
      6.0490       0.0428
      6.5144       0.0461
      6.9797       0.0494
      7.4450       0.0527
      7.9103       0.0560
      8.3756       0.0592
      8.8409       0.0625
      9.3062       0.0658
      9.7715       0.0691
     10.2369       0.0724
     10.7022       0.0757
     11.1675       0.0790
     11.6328       0.0823
     12.0981       0.0856
     12.5634       0.0889
     13.0287       0.0922
     13.4940       0.0955
     13.9593       0.0987
     14.4247       0.1020
     14.8900       0.1053
     15.3553       0.1086
     15.8206       0.1119
     16.2859       0.1152
     16.7512       0.1185
     17.2165       0.1218
     17.6818       0.1251
     18.1471       0.1284
     18.6125       0.1317
     19.0778       0.1349
     19.5431       0.1382
     20.0084       0.1415
     20.4737       0.1448
     20.9390       0.1481
     21.4043       0.1514
     21.8696       0.1547
     22.3349       0.1580
     22.8003       0.1613
     23.2656       0.1646
     23.7309       0.1679
     24.1962       0.1712
     24.6615       0.1744

Teste Tração 02
 L0 = 100.00 mm
 d0 =  10.00 mm
  Carga [kN]  Desloc [mm]
      0.0000       0.0107
      0.7473       0.0160
      1.4946       0.0213
      2.2420       0.0266
      2.9893       0.0319
      3.7366       0.0372
      4.4839       0.0424
      5.2312       0.0477
      5.9785       0.0530
      6.7259       0.0583
      7.4732       0.0636
      8.2205       0.0689
      8.9678       0.0742
      9.7151       0.0794
     10.4625       0.0847
     11.2098       0.0900
     11.9571       0.0953
     12.7044       0.1006
     13.4517       0.1059
     14.1990       0.1112
     14.9464       0.1164
     15.6937       0.1217
     16.4410       0.1270
     17.1883       0.1323
     17.9356       0.1376
     18.6830       0.1429
     19.4303       0.1482
     20.1776       0.1534
     20.9249       0.1587
     21.6722       0.1640
     22.4195       0.1693
     23.1669       0.1746
     23.9142       0.1799
     24.6615       0.1852

EXERCÍCIO 02
 a = 325.00 mm
 b = 225.00 mm
 δ =   0.29 mm

EXERCÍCIO 03
 Item a
 b = 145.00 mm
