EXERCÍCIO 01
Teste Tração 01
 L0 = 100.00 mm
 d0 =  10.00 mm
 A  =  78.45 mm² (no limite de proporcionalidade)
  Carga [kN]  Desloc [mm]
      0.0000       0.0000
      0.4960       0.0034
      0.9919       0.0068
      1.4879       0.0102
      1.9839       0.0137
      2.4798       0.0171
      2.9758       0.0205
      3.4718       0.0239
      3.9677       0.0273
      4.4637       0.0307
      4.9596       0.0341
      5.4556       0.0375
      5.9516       0.0410
      6.4475       0.0444
      6.9435       0.0478
      7.4395       0.0512
      7.9354       0.0546
      8.4314       0.0580
      8.9274       0.0614
      9.4233       0.0649
      9.9193       0.0683
     10.4153       0.0717
     10.9112       0.0751
     11.4072       0.0785
     11.9031       0.0819
     12.3991       0.0853
     12.8951       0.0887
     13.3910       0.0922
     13.8870       0.0956
     14.3830       0.0990
     14.8789       0.1024
     15.3749       0.1058
     15.8709       0.1092
     16.3668       0.1126
     16.8628       0.1161
     17.3588       0.1195
     17.8547       0.1229
     18.3507       0.1263
     18.8466       0.1297
     19.3426       0.1331
     19.8386       0.1365
     20.3345       0.1399
     20.8305       0.1434
     21.3265       0.1468
     21.8224       0.1502
     22.3184       0.1536
     22.8144       0.1570
     23.3103       0.1604
     23.8063       0.1638
     24.3023       0.1673
     24.7982       0.1707
     25.2942       0.1741
     25.7901       0.1775
     26.2861       0.1809
     26.7821       0.1843

Teste Tração 02
 L0 = 100.00 mm
 d0 =  10.00 mm
  Carga [kN]  Desloc [mm]
      0.0000       0.0134
      0.7439       0.0186
      1.4879       0.0237
      2.2318       0.0288
      2.9758       0.0339
      3.7197       0.0390
      4.4637       0.0442
      5.2076       0.0493
      5.9516       0.0544
      6.6955       0.0595
      7.4395       0.0646
      8.1834       0.0698
      8.9274       0.0749
      9.6713       0.0800
     10.4153       0.0851
     11.1592       0.0902
     11.9031       0.0954
     12.6471       0.1005
     13.3910       0.1056
     14.1350       0.1107
     14.8789       0.1158
     15.6229       0.1210
     16.3668       0.1261
     17.1108       0.1312
     17.8547       0.1363
     18.5987       0.1414
     19.3426       0.1466
     20.0866       0.1517
     20.8305       0.1568
     21.5745       0.1619
     22.3184       0.1670
     23.0623       0.1722
     23.8063       0.1773
     24.5502       0.1824
     25.2942       0.1875
     26.0381       0.1926
     26.7821       0.1978

EXERCÍCIO 02
 a = 345.00 mm
 b = 225.00 mm
 δ =   0.05 mm

EXERCÍCIO 03
 Item b
 d = 110.00 mm
