EXERCÍCIO 01
Teste Tração 01
 L0 = 100.00 mm
 d0 =  10.00 mm
 A  =  78.48 mm² (no limite de proporcionalidade)
  Carga [kN]  Desloc [mm]
      0.0000       0.0000
      0.4440       0.0029
      0.8880       0.0058
      1.3320       0.0087
      1.7760       0.0116
      2.2200       0.0145
      2.6639       0.0174
      3.1079       0.0203
      3.5519       0.0232
      3.9959       0.0261
      4.4399       0.0290
      4.8839       0.0319
      5.3279       0.0348
      5.7719       0.0377
      6.2159       0.0406
      6.6599       0.0435
      7.1038       0.0464
      7.5478       0.0493
      7.9918       0.0522
      8.4358       0.0551
      8.8798       0.0580
      9.3238       0.0609
      9.7678       0.0638
     10.2118       0.0667
     10.6558       0.0696
     11.0998       0.0725
     11.5438       0.0754
     11.9877       0.0783
     12.4317       0.0812
     12.8757       0.0841
     13.3197       0.0870
     13.7637       0.0899
     14.2077       0.0928
     14.6517       0.0957
     15.0957       0.0986
     15.5397       0.1015
     15.9837       0.1044
     16.4276       0.1073
     16.8716       0.1102
     17.3156       0.1131
     17.7596       0.1160
     18.2036       0.1189
     18.6476       0.1218
     19.0916       0.1247
     19.5356       0.1276
     19.9796       0.1305
     20.4236       0.1334
     20.8675       0.1363
     21.3115       0.1392
     21.7555       0.1421

Teste Tração 02
 L0 = 100.00 mm
 d0 =  10.00 mm
  Carga [kN]  Desloc [mm]
      0.0000       0.0123
      0.7018       0.0169
      1.4036       0.0215
      2.1054       0.0261
      2.8072       0.0306
      3.5090       0.0352
      4.2107       0.0398
      4.9125       0.0444
      5.6143       0.0490
      6.3161       0.0536
      7.0179       0.0581
      7.7197       0.0627
      8.4215       0.0673
      9.1233       0.0719
      9.8251       0.0765
     10.5269       0.0811
     11.2287       0.0856
     11.9305       0.0902
     12.6322       0.0948
     13.3340       0.0994
     14.0358       0.1040
     14.7376       0.1085
     15.4394       0.1131
     16.1412       0.1177
     16.8430       0.1223
     17.5448       0.1269
     18.2466       0.1315
     18.9484       0.1360
     19.6502       0.1406
     20.3519       0.1452
     21.0537       0.1498
     21.7555       0.1544

EXERCÍCIO 02
 a = 340.00 mm
 b = 225.00 mm
 δ =   0.22 mm

EXERCÍCIO 03
 Item a
 b = 150.00 mm
