EXERCÍCIO 01
Teste Tração 01
 L0 = 100.00 mm
 d0 =  10.00 mm
 A  =  78.48 mm² (no limite de proporcionalidade)
  Carga [kN]  Desloc [mm]
      0.0000       0.0000
      0.4650       0.0030
      0.9299       0.0060
      1.3949       0.0090
      1.8598       0.0120
      2.3248       0.0150
      2.7897       0.0180
      3.2547       0.0210
      3.7196       0.0240
      4.1846       0.0270
      4.6496       0.0301
      5.1145       0.0331
      5.5795       0.0361
      6.0444       0.0391
      6.5094       0.0421
      6.9743       0.0451
      7.4393       0.0481
      7.9042       0.0511
      8.3692       0.0541
      8.8342       0.0571
      9.2991       0.0601
      9.7641       0.0631
     10.2290       0.0661
     10.6940       0.0691
     11.1589       0.0721
     11.6239       0.0751
     12.0888       0.0781
     12.5538       0.0811
     13.0188       0.0841
     13.4837       0.0871
     13.9487       0.0902
     14.4136       0.0932
     14.8786       0.0962
     15.3435       0.0992
     15.8085       0.1022
     16.2734       0.1052
     16.7384       0.1082
     17.2034       0.1112
     17.6683       0.1142
     18.1333       0.1172
     18.5982       0.1202
     19.0632       0.1232
     19.5281       0.1262
     19.9931       0.1292
     20.4581       0.1322
     20.9230       0.1352
     21.3880       0.1382
     21.8529       0.1412
     22.3179       0.1442
     22.7828       0.1472
     23.2478       0.1503

Teste Tração 02
 L0 = 100.00 mm
 d0 =  10.00 mm
  Carga [kN]  Desloc [mm]
      0.0000       0.0142
      0.6118       0.0182
      1.2236       0.0221
      1.8354       0.0261
      2.4471       0.0301
      3.0589       0.0340
      3.6707       0.0380
      4.2825       0.0419
      4.8943       0.0459
      5.5061       0.0498
      6.1178       0.0538
      6.7296       0.0577
      7.3414       0.0617
      7.9532       0.0656
      8.5650       0.0696
      9.1768       0.0736
      9.7885       0.0775
     10.4003       0.0815
     11.0121       0.0854
     11.6239       0.0894
     12.2357       0.0933
     12.8475       0.0973
     13.4592       0.1012
     14.0710       0.1052
     14.6828       0.1091
     15.2946       0.1131
     15.9064       0.1170
     16.5182       0.1210
     17.1299       0.1250
     17.7417       0.1289
     18.3535       0.1329
     18.9653       0.1368
     19.5771       0.1408
     20.1889       0.1447
     20.8007       0.1487
     21.4124       0.1526
     22.0242       0.1566
     22.6360       0.1605
     23.2478       0.1645

EXERCÍCIO 02
 a = 340.00 mm
 b = 225.00 mm
 δ =   0.30 mm

EXERCÍCIO 03
 Item a
 b =  80.00 mm
