EXERCÍCIO 01
Teste Tração 01
 L0 = 100.00 mm
 d0 =  10.00 mm
 A  =  78.48 mm² (no limite de proporcionalidade)
  Carga [kN]  Desloc [mm]
      0.0000       0.0000
      0.4006       0.0028
      0.8011       0.0055
      1.2017       0.0083
      1.6022       0.0111
      2.0028       0.0139
      2.4033       0.0166
      2.8039       0.0194
      3.2044       0.0222
      3.6050       0.0249
      4.0055       0.0277
      4.4061       0.0305
      4.8066       0.0333
      5.2072       0.0360
      5.6077       0.0388
      6.0083       0.0416
      6.4088       0.0443
      6.8094       0.0471
      7.2100       0.0499
      7.6105       0.0527
      8.0111       0.0554
      8.4116       0.0582
      8.8122       0.0610
      9.2127       0.0638
      9.6133       0.0665
     10.0138       0.0693
     10.4144       0.0721
     10.8149       0.0748
     11.2155       0.0776
     11.6160       0.0804
     12.0166       0.0832
     12.4171       0.0859
     12.8177       0.0887
     13.2183       0.0915
     13.6188       0.0942
     14.0194       0.0970
     14.4199       0.0998
     14.8205       0.1026
     15.2210       0.1053
     15.6216       0.1081
     16.0221       0.1109
     16.4227       0.1136
     16.8232       0.1164
     17.2238       0.1192
     17.6243       0.1220
     18.0249       0.1247
     18.4254       0.1275
     18.8260       0.1303
     19.2265       0.1330
     19.6271       0.1358
     20.0277       0.1386

Teste Tração 02
 L0 = 100.00 mm
 d0 =  10.00 mm
  Carga [kN]  Desloc [mm]
      0.0000       0.0094
      0.5722       0.0133
      1.1444       0.0173
      1.7167       0.0212
      2.2889       0.0252
      2.8611       0.0292
      3.4333       0.0331
      4.0055       0.0371
      4.5777       0.0410
      5.1500       0.0450
      5.7222       0.0490
      6.2944       0.0529
      6.8666       0.0569
      7.4388       0.0608
      8.0111       0.0648
      8.5833       0.0688
      9.1555       0.0727
      9.7277       0.0767
     10.2999       0.0806
     10.8722       0.0846
     11.4444       0.0886
     12.0166       0.0925
     12.5888       0.0965
     13.1610       0.1004
     13.7332       0.1044
     14.3055       0.1084
     14.8777       0.1123
     15.4499       0.1163
     16.0221       0.1202
     16.5943       0.1242
     17.1666       0.1281
     17.7388       0.1321
     18.3110       0.1361
     18.8832       0.1400
     19.4554       0.1440
     20.0277       0.1479

EXERCÍCIO 02
 a = 320.00 mm
 b = 270.00 mm
 δ =   0.15 mm

EXERCÍCIO 03
 Item a
 b = 110.00 mm
