EXERCÍCIO 01
Teste Tração 01
 L0 = 100.00 mm
 d0 =  10.00 mm
 A  =  78.45 mm² (no limite de proporcionalidade)
  Carga [kN]  Desloc [mm]
      0.0000       0.0000
      0.4882       0.0034
      0.9764       0.0068
      1.4645       0.0102
      1.9527       0.0136
      2.4409       0.0170
      2.9291       0.0204
      3.4173       0.0238
      3.9054       0.0272
      4.3936       0.0306
      4.8818       0.0340
      5.3700       0.0374
      5.8581       0.0408
      6.3463       0.0442
      6.8345       0.0476
      7.3227       0.0509
      7.8109       0.0543
      8.2990       0.0577
      8.7872       0.0611
      9.2754       0.0645
      9.7636       0.0679
     10.2518       0.0713
     10.7399       0.0747
     11.2281       0.0781
     11.7163       0.0815
     12.2045       0.0849
     12.6927       0.0883
     13.1808       0.0917
     13.6690       0.0951
     14.1572       0.0985
     14.6454       0.1019
     15.1335       0.1053
     15.6217       0.1087
     16.1099       0.1121
     16.5981       0.1155
     17.0863       0.1189
     17.5744       0.1223
     18.0626       0.1257
     18.5508       0.1291
     19.0390       0.1325
     19.5272       0.1359
     20.0153       0.1393
     20.5035       0.1427
     20.9917       0.1461
     21.4799       0.1494
     21.9680       0.1528
     22.4562       0.1562
     22.9444       0.1596
     23.4326       0.1630
     23.9208       0.1664
     24.4089       0.1698
     24.8971       0.1732

Teste Tração 02
 L0 = 100.00 mm
 d0 =  10.00 mm
  Carga [kN]  Desloc [mm]
      0.0000       0.0112
      0.7323       0.0163
      1.4645       0.0214
      2.1968       0.0265
      2.9291       0.0316
      3.6613       0.0367
      4.3936       0.0418
      5.1259       0.0469
      5.8581       0.0520
      6.5904       0.0571
      7.3227       0.0621
      8.0550       0.0672
      8.7872       0.0723
      9.5195       0.0774
     10.2518       0.0825
     10.9840       0.0876
     11.7163       0.0927
     12.4486       0.0978
     13.1808       0.1029
     13.9131       0.1080
     14.6454       0.1131
     15.3776       0.1182
     16.1099       0.1233
     16.8422       0.1284
     17.5744       0.1335
     18.3067       0.1386
     19.0390       0.1437
     19.7712       0.1488
     20.5035       0.1539
     21.2358       0.1589
     21.9680       0.1640
     22.7003       0.1691
     23.4326       0.1742
     24.1649       0.1793
     24.8971       0.1844

EXERCÍCIO 02
 a = 340.00 mm
 b = 260.00 mm
 δ =   0.17 mm

EXERCÍCIO 03
 Item b
 d = 130.00 mm
