EXERCÍCIO 01
Teste Tração 01
 L0 = 100.00 mm
 d0 =  10.00 mm
 A  =  78.47 mm² (no limite de proporcionalidade)
  Carga [kN]  Desloc [mm]
      0.0000       0.0000
      0.4995       0.0034
      0.9990       0.0069
      1.4985       0.0103
      1.9981       0.0138
      2.4976       0.0172
      2.9971       0.0206
      3.4966       0.0241
      3.9961       0.0275
      4.4956       0.0309
      4.9951       0.0344
      5.4946       0.0378
      5.9942       0.0413
      6.4937       0.0447
      6.9932       0.0481
      7.4927       0.0516
      7.9922       0.0550
      8.4917       0.0584
      8.9912       0.0619
      9.4908       0.0653
      9.9903       0.0688
     10.4898       0.0722
     10.9893       0.0756
     11.4888       0.0791
     11.9883       0.0825
     12.4878       0.0859
     12.9873       0.0894
     13.4869       0.0928
     13.9864       0.0963
     14.4859       0.0997
     14.9854       0.1031
     15.4849       0.1066
     15.9844       0.1100
     16.4839       0.1134
     16.9834       0.1169
     17.4830       0.1203
     17.9825       0.1238
     18.4820       0.1272
     18.9815       0.1306
     19.4810       0.1341
     19.9805       0.1375
     20.4800       0.1410
     20.9796       0.1444
     21.4791       0.1478
     21.9786       0.1513
     22.4781       0.1547
     22.9776       0.1581
     23.4771       0.1616
     23.9766       0.1650
     24.4761       0.1685
     24.9757       0.1719

Teste Tração 02
 L0 = 100.00 mm
 d0 =  10.00 mm
  Carga [kN]  Desloc [mm]
      0.0000       0.0127
      0.6404       0.0171
      1.2808       0.0215
      1.9212       0.0259
      2.5616       0.0303
      3.2020       0.0348
      3.8424       0.0392
      4.4828       0.0436
      5.1232       0.0480
      5.7636       0.0524
      6.4040       0.0568
      7.0444       0.0612
      7.6848       0.0656
      8.3252       0.0700
      8.9656       0.0744
      9.6060       0.0788
     10.2464       0.0832
     10.8868       0.0876
     11.5272       0.0921
     12.1676       0.0965
     12.8080       0.1009
     13.4484       0.1053
     14.0888       0.1097
     14.7292       0.1141
     15.3696       0.1185
     16.0100       0.1229
     16.6504       0.1273
     17.2908       0.1317
     17.9312       0.1361
     18.5716       0.1405
     19.2120       0.1449
     19.8524       0.1494
     20.4929       0.1538
     21.1333       0.1582
     21.7737       0.1626
     22.4141       0.1670
     23.0545       0.1714
     23.6949       0.1758
     24.3353       0.1802
     24.9757       0.1846

EXERCÍCIO 02
 a = 335.00 mm
 b = 240.00 mm
 δ =   0.28 mm

EXERCÍCIO 03
 Item a
 b = 115.00 mm
