EXERCÍCIO 01
Teste Tração 01
 L0 = 100.00 mm
 d0 =  10.00 mm
 A  =  78.47 mm² (no limite de proporcionalidade)
  Carga [kN]  Desloc [mm]
      0.0000       0.0000
      0.4291       0.0030
      0.8581       0.0060
      1.2872       0.0091
      1.7162       0.0121
      2.1453       0.0151
      2.5744       0.0181
      3.0034       0.0211
      3.4325       0.0241
      3.8615       0.0272
      4.2906       0.0302
      4.7197       0.0332
      5.1487       0.0362
      5.5778       0.0392
      6.0068       0.0423
      6.4359       0.0453
      6.8650       0.0483
      7.2940       0.0513
      7.7231       0.0543
      8.1521       0.0573
      8.5812       0.0604
      9.0103       0.0634
      9.4393       0.0664
      9.8684       0.0694
     10.2974       0.0724
     10.7265       0.0755
     11.1556       0.0785
     11.5846       0.0815
     12.0137       0.0845
     12.4427       0.0875
     12.8718       0.0905
     13.3009       0.0936
     13.7299       0.0966
     14.1590       0.0996
     14.5880       0.1026
     15.0171       0.1056
     15.4462       0.1087
     15.8752       0.1117
     16.3043       0.1147
     16.7333       0.1177
     17.1624       0.1207
     17.5915       0.1237
     18.0205       0.1268
     18.4496       0.1298
     18.8786       0.1328
     19.3077       0.1358
     19.7368       0.1388
     20.1658       0.1419
     20.5949       0.1449
     21.0239       0.1479
     21.4530       0.1509
     21.8821       0.1539
     22.3111       0.1569
     22.7402       0.1600
     23.1692       0.1630

Teste Tração 02
 L0 = 100.00 mm
 d0 =  10.00 mm
  Carga [kN]  Desloc [mm]
      0.0000       0.0140
      0.6436       0.0185
      1.2872       0.0231
      1.9308       0.0276
      2.5744       0.0321
      3.2180       0.0366
      3.8615       0.0412
      4.5051       0.0457
      5.1487       0.0502
      5.7923       0.0547
      6.4359       0.0593
      7.0795       0.0638
      7.7231       0.0683
      8.3667       0.0729
      9.0103       0.0774
      9.6539       0.0819
     10.2974       0.0864
     10.9410       0.0910
     11.5846       0.0955
     12.2282       0.1000
     12.8718       0.1045
     13.5154       0.1091
     14.1590       0.1136
     14.8026       0.1181
     15.4462       0.1227
     16.0898       0.1272
     16.7333       0.1317
     17.3769       0.1362
     18.0205       0.1408
     18.6641       0.1453
     19.3077       0.1498
     19.9513       0.1543
     20.5949       0.1589
     21.2385       0.1634
     21.8821       0.1679
     22.5257       0.1725
     23.1692       0.1770

EXERCÍCIO 02
 a = 335.00 mm
 b = 220.00 mm
 δ =   0.12 mm

EXERCÍCIO 03
 Item b
 d =  90.00 mm
