EXERCÍCIO 01
Teste Tração 01
 L0 = 100.00 mm
 d0 =  10.00 mm
 A  =  78.48 mm² (no limite de proporcionalidade)
  Carga [kN]  Desloc [mm]
      0.0000       0.0000
      0.3588       0.0024
      0.7177       0.0047
      1.0765       0.0071
      1.4354       0.0095
      1.7942       0.0118
      2.1531       0.0142
      2.5119       0.0166
      2.8708       0.0189
      3.2296       0.0213
      3.5885       0.0237
      3.9473       0.0260
      4.3061       0.0284
      4.6650       0.0308
      5.0238       0.0331
      5.3827       0.0355
      5.7415       0.0379
      6.1004       0.0402
      6.4592       0.0426
      6.8181       0.0450
      7.1769       0.0473
      7.5358       0.0497
      7.8946       0.0521
      8.2535       0.0544
      8.6123       0.0568
      8.9711       0.0592
      9.3300       0.0616
      9.6888       0.0639
     10.0477       0.0663
     10.4065       0.0687
     10.7654       0.0710
     11.1242       0.0734
     11.4831       0.0758
     11.8419       0.0781
     12.2008       0.0805
     12.5596       0.0829
     12.9184       0.0852
     13.2773       0.0876
     13.6361       0.0900
     13.9950       0.0923
     14.3538       0.0947
     14.7127       0.0971
     15.0715       0.0994
     15.4304       0.1018
     15.7892       0.1042
     16.1481       0.1065
     16.5069       0.1089
     16.8657       0.1113
     17.2246       0.1136
     17.5834       0.1160
     17.9423       0.1184
     18.3011       0.1207
     18.6600       0.1231
     19.0188       0.1255
     19.3777       0.1278
     19.7365       0.1302
     20.0954       0.1326
     20.4542       0.1349
     20.8131       0.1373

Teste Tração 02
 L0 = 100.00 mm
 d0 =  10.00 mm
  Carga [kN]  Desloc [mm]
      0.0000       0.0110
      0.6938       0.0155
      1.3875       0.0201
      2.0813       0.0247
      2.7751       0.0293
      3.4688       0.0338
      4.1626       0.0384
      4.8564       0.0430
      5.5501       0.0476
      6.2439       0.0522
      6.9377       0.0567
      7.6315       0.0613
      8.3252       0.0659
      9.0190       0.0705
      9.7128       0.0750
     10.4065       0.0796
     11.1003       0.0842
     11.7941       0.0888
     12.4878       0.0933
     13.1816       0.0979
     13.8754       0.1025
     14.5691       0.1071
     15.2629       0.1117
     15.9567       0.1162
     16.6504       0.1208
     17.3442       0.1254
     18.0380       0.1300
     18.7317       0.1345
     19.4255       0.1391
     20.1193       0.1437
     20.8131       0.1483

EXERCÍCIO 02
 a = 300.00 mm
 b = 255.00 mm
 δ =   0.30 mm

EXERCÍCIO 03
 Item a
 b =  90.00 mm
