EXERCÍCIO 01
Teste Tração 01
 L0 = 100.00 mm
 d0 =  10.00 mm
 A  =  78.48 mm² (no limite de proporcionalidade)
  Carga [kN]  Desloc [mm]
      0.0000       0.0000
      0.4327       0.0027
      0.8655       0.0055
      1.2982       0.0082
      1.7310       0.0109
      2.1637       0.0136
      2.5964       0.0164
      3.0292       0.0191
      3.4619       0.0218
      3.8947       0.0245
      4.3274       0.0273
      4.7601       0.0300
      5.1929       0.0327
      5.6256       0.0355
      6.0583       0.0382
      6.4911       0.0409
      6.9238       0.0436
      7.3566       0.0464
      7.7893       0.0491
      8.2220       0.0518
      8.6548       0.0546
      9.0875       0.0573
      9.5203       0.0600
      9.9530       0.0627
     10.3857       0.0655
     10.8185       0.0682
     11.2512       0.0709
     11.6840       0.0736
     12.1167       0.0764
     12.5494       0.0791
     12.9822       0.0818
     13.4149       0.0846
     13.8476       0.0873
     14.2804       0.0900
     14.7131       0.0927
     15.1459       0.0955
     15.5786       0.0982
     16.0113       0.1009
     16.4441       0.1036
     16.8768       0.1064
     17.3096       0.1091
     17.7423       0.1118
     18.1750       0.1146
     18.6078       0.1173
     19.0405       0.1200
     19.4733       0.1227
     19.9060       0.1255
     20.3387       0.1282
     20.7715       0.1309
     21.2042       0.1337
     21.6369       0.1364
     22.0697       0.1391

Teste Tração 02
 L0 = 100.00 mm
 d0 =  10.00 mm
  Carga [kN]  Desloc [mm]
      0.0000       0.0143
      0.5659       0.0179
      1.1318       0.0215
      1.6977       0.0250
      2.2636       0.0286
      2.8294       0.0322
      3.3953       0.0357
      3.9612       0.0393
      4.5271       0.0429
      5.0930       0.0464
      5.6589       0.0500
      6.2248       0.0536
      6.7907       0.0571
      7.3566       0.0607
      7.9225       0.0643
      8.4883       0.0678
      9.0542       0.0714
      9.6201       0.0750
     10.1860       0.0785
     10.7519       0.0821
     11.3178       0.0857
     11.8837       0.0892
     12.4496       0.0928
     13.0155       0.0964
     13.5813       0.0999
     14.1472       0.1035
     14.7131       0.1071
     15.2790       0.1106
     15.8449       0.1142
     16.4108       0.1178
     16.9767       0.1213
     17.5426       0.1249
     18.1085       0.1285
     18.6744       0.1320
     19.2402       0.1356
     19.8061       0.1392
     20.3720       0.1427
     20.9379       0.1463
     21.5038       0.1499
     22.0697       0.1534

EXERCÍCIO 02
 a = 345.00 mm
 b = 255.00 mm
 δ =   0.20 mm

EXERCÍCIO 03
 Item a
 b = 130.00 mm
