EXERCÍCIO 01
Teste Tração 01
 L0 = 100.00 mm
 d0 =  10.00 mm
 A  =  78.46 mm² (no limite de proporcionalidade)
  Carga [kN]  Desloc [mm]
      0.0000       0.0000
      0.5018       0.0031
      1.0036       0.0062
      1.5053       0.0093
      2.0071       0.0124
      2.5089       0.0155
      3.0107       0.0186
      3.5125       0.0217
      4.0143       0.0248
      4.5160       0.0279
      5.0178       0.0310
      5.5196       0.0341
      6.0214       0.0372
      6.5232       0.0403
      7.0250       0.0434
      7.5267       0.0465
      8.0285       0.0496
      8.5303       0.0527
      9.0321       0.0558
      9.5339       0.0589
     10.0356       0.0620
     10.5374       0.0651
     11.0392       0.0682
     11.5410       0.0713
     12.0428       0.0744
     12.5446       0.0775
     13.0463       0.0806
     13.5481       0.0837
     14.0499       0.0868
     14.5517       0.0899
     15.0535       0.0930
     15.5552       0.0961
     16.0570       0.0992
     16.5588       0.1023
     17.0606       0.1054
     17.5624       0.1085
     18.0642       0.1117
     18.5659       0.1148
     19.0677       0.1179
     19.5695       0.1210
     20.0713       0.1241
     20.5731       0.1272
     21.0749       0.1303
     21.5766       0.1334
     22.0784       0.1365
     22.5802       0.1396
     23.0820       0.1427
     23.5838       0.1458
     24.0855       0.1489
     24.5873       0.1520
     25.0891       0.1551
     25.5909       0.1582
     26.0927       0.1613
     26.5945       0.1644
     27.0962       0.1675

Teste Tração 02
 L0 = 100.00 mm
 d0 =  10.00 mm
  Carga [kN]  Desloc [mm]
      0.0000       0.0102
      0.6948       0.0145
      1.3896       0.0187
      2.0843       0.0230
      2.7791       0.0273
      3.4739       0.0316
      4.1687       0.0359
      4.8634       0.0402
      5.5582       0.0445
      6.2530       0.0488
      6.9478       0.0531
      7.6425       0.0574
      8.3373       0.0617
      9.0321       0.0660
      9.7269       0.0703
     10.4216       0.0746
     11.1164       0.0789
     11.8112       0.0832
     12.5060       0.0875
     13.2007       0.0918
     13.8955       0.0960
     14.5903       0.1003
     15.2851       0.1046
     15.9798       0.1089
     16.6746       0.1132
     17.3694       0.1175
     18.0642       0.1218
     18.7589       0.1261
     19.4537       0.1304
     20.1485       0.1347
     20.8433       0.1390
     21.5380       0.1433
     22.2328       0.1476
     22.9276       0.1519
     23.6224       0.1562
     24.3171       0.1605
     25.0119       0.1648
     25.7067       0.1690
     26.4015       0.1733
     27.0962       0.1776

EXERCÍCIO 02
 a = 330.00 mm
 b = 255.00 mm
 δ =   0.16 mm

EXERCÍCIO 03
 Item b
 d =  80.00 mm
