EXERCÍCIO 01
Teste Tração 01
 L0 = 100.00 mm
 d0 =  10.00 mm
 A  =  78.47 mm² (no limite de proporcionalidade)
  Carga [kN]  Desloc [mm]
      0.0000       0.0000
      0.3840       0.0025
      0.7679       0.0050
      1.1519       0.0076
      1.5359       0.0101
      1.9199       0.0126
      2.3038       0.0151
      2.6878       0.0176
      3.0718       0.0202
      3.4558       0.0227
      3.8397       0.0252
      4.2237       0.0277
      4.6077       0.0302
      4.9916       0.0328
      5.3756       0.0353
      5.7596       0.0378
      6.1436       0.0403
      6.5275       0.0428
      6.9115       0.0454
      7.2955       0.0479
      7.6794       0.0504
      8.0634       0.0529
      8.4474       0.0554
      8.8314       0.0580
      9.2153       0.0605
      9.5993       0.0630
      9.9833       0.0655
     10.3673       0.0680
     10.7512       0.0706
     11.1352       0.0731
     11.5192       0.0756
     11.9031       0.0781
     12.2871       0.0806
     12.6711       0.0832
     13.0551       0.0857
     13.4390       0.0882
     13.8230       0.0907
     14.2070       0.0932
     14.5910       0.0958
     14.9749       0.0983
     15.3589       0.1008
     15.7429       0.1033
     16.1268       0.1058
     16.5108       0.1084
     16.8948       0.1109
     17.2788       0.1134
     17.6627       0.1159
     18.0467       0.1184
     18.4307       0.1210
     18.8146       0.1235
     19.1986       0.1260
     19.5826       0.1285
     19.9666       0.1310
     20.3505       0.1336
     20.7345       0.1361

Teste Tração 02
 L0 = 100.00 mm
 d0 =  10.00 mm
  Carga [kN]  Desloc [mm]
      0.0000       0.0138
      0.5317       0.0173
      1.0633       0.0208
      1.5950       0.0243
      2.1266       0.0278
      2.6583       0.0313
      3.1899       0.0348
      3.7216       0.0383
      4.2532       0.0418
      4.7849       0.0452
      5.3165       0.0487
      5.8482       0.0522
      6.3798       0.0557
      6.9115       0.0592
      7.4432       0.0627
      7.9748       0.0662
      8.5065       0.0697
      9.0381       0.0732
      9.5698       0.0766
     10.1014       0.0801
     10.6331       0.0836
     11.1647       0.0871
     11.6964       0.0906
     12.2280       0.0941
     12.7597       0.0976
     13.2914       0.1011
     13.8230       0.1046
     14.3547       0.1081
     14.8863       0.1115
     15.4180       0.1150
     15.9496       0.1185
     16.4813       0.1220
     17.0129       0.1255
     17.5446       0.1290
     18.0762       0.1325
     18.6079       0.1360
     19.1395       0.1395
     19.6712       0.1429
     20.2029       0.1464
     20.7345       0.1499

EXERCÍCIO 02
 a = 300.00 mm
 b = 245.00 mm
 δ =   0.17 mm

EXERCÍCIO 03
 Item b
 d = 105.00 mm
