EXERCÍCIO 01
Teste Tração 01
 L0 = 100.00 mm
 d0 =  10.00 mm
 A  =  78.45 mm² (no limite de proporcionalidade)
  Carga [kN]  Desloc [mm]
      0.0000       0.0000
      0.4553       0.0030
      0.9105       0.0060
      1.3658       0.0090
      1.8211       0.0120
      2.2763       0.0149
      2.7316       0.0179
      3.1869       0.0209
      3.6421       0.0239
      4.0974       0.0269
      4.5526       0.0299
      5.0079       0.0329
      5.4632       0.0359
      5.9184       0.0388
      6.3737       0.0418
      6.8290       0.0448
      7.2842       0.0478
      7.7395       0.0508
      8.1948       0.0538
      8.6500       0.0568
      9.1053       0.0598
      9.5606       0.0627
     10.0158       0.0657
     10.4711       0.0687
     10.9264       0.0717
     11.3816       0.0747
     11.8369       0.0777
     12.2921       0.0807
     12.7474       0.0837
     13.2027       0.0867
     13.6579       0.0896
     14.1132       0.0926
     14.5685       0.0956
     15.0237       0.0986
     15.4790       0.1016
     15.9343       0.1046
     16.3895       0.1076
     16.8448       0.1106
     17.3001       0.1135
     17.7553       0.1165
     18.2106       0.1195
     18.6659       0.1225
     19.1211       0.1255
     19.5764       0.1285
     20.0316       0.1315
     20.4869       0.1345
     20.9422       0.1374
     21.3974       0.1404
     21.8527       0.1434
     22.3080       0.1464
     22.7632       0.1494
     23.2185       0.1524
     23.6738       0.1554
     24.1290       0.1584
     24.5843       0.1613
     25.0396       0.1643
     25.4948       0.1673
     25.9501       0.1703
     26.4054       0.1733
     26.8606       0.1763

Teste Tração 02
 L0 = 100.00 mm
 d0 =  10.00 mm
  Carga [kN]  Desloc [mm]
      0.0000       0.0129
      0.7674       0.0179
      1.5349       0.0230
      2.3023       0.0280
      3.0698       0.0330
      3.8372       0.0381
      4.6047       0.0431
      5.3721       0.0481
      6.1396       0.0532
      6.9070       0.0582
      7.6745       0.0632
      8.4419       0.0683
      9.2094       0.0733
      9.9768       0.0784
     10.7442       0.0834
     11.5117       0.0884
     12.2791       0.0935
     13.0466       0.0985
     13.8140       0.1035
     14.5815       0.1086
     15.3489       0.1136
     16.1164       0.1187
     16.8838       0.1237
     17.6513       0.1287
     18.4187       0.1338
     19.1862       0.1388
     19.9536       0.1438
     20.7210       0.1489
     21.4885       0.1539
     22.2559       0.1589
     23.0234       0.1640
     23.7908       0.1690
     24.5583       0.1741
     25.3257       0.1791
     26.0932       0.1841
     26.8606       0.1892

EXERCÍCIO 02
 a = 305.00 mm
 b = 250.00 mm
 δ =   0.16 mm

EXERCÍCIO 03
 Item b
 d = 105.00 mm
