EXERCÍCIO 01
Teste Tração 01
 L0 = 100.00 mm
 d0 =  10.00 mm
 A  =  78.47 mm² (no limite de proporcionalidade)
  Carga [kN]  Desloc [mm]
      0.0000       0.0000
      0.4424       0.0031
      0.8848       0.0062
      1.3272       0.0093
      1.7696       0.0124
      2.2119       0.0156
      2.6543       0.0187
      3.0967       0.0218
      3.5391       0.0249
      3.9815       0.0280
      4.4239       0.0311
      4.8663       0.0342
      5.3087       0.0373
      5.7510       0.0405
      6.1934       0.0436
      6.6358       0.0467
      7.0782       0.0498
      7.5206       0.0529
      7.9630       0.0560
      8.4054       0.0591
      8.8478       0.0622
      9.2901       0.0654
      9.7325       0.0685
     10.1749       0.0716
     10.6173       0.0747
     11.0597       0.0778
     11.5021       0.0809
     11.9445       0.0840
     12.3869       0.0871
     12.8292       0.0902
     13.2716       0.0934
     13.7140       0.0965
     14.1564       0.0996
     14.5988       0.1027
     15.0412       0.1058
     15.4836       0.1089
     15.9260       0.1120
     16.3683       0.1151
     16.8107       0.1183
     17.2531       0.1214
     17.6955       0.1245
     18.1379       0.1276
     18.5803       0.1307
     19.0227       0.1338
     19.4651       0.1369
     19.9074       0.1400
     20.3498       0.1432
     20.7922       0.1463
     21.2346       0.1494
     21.6770       0.1525

Teste Tração 02
 L0 = 100.00 mm
 d0 =  10.00 mm
  Carga [kN]  Desloc [mm]
      0.0000       0.0098
      0.5859       0.0139
      1.1717       0.0180
      1.7576       0.0221
      2.3435       0.0262
      2.9293       0.0304
      3.5152       0.0345
      4.1011       0.0386
      4.6869       0.0427
      5.2728       0.0469
      5.8586       0.0510
      6.4445       0.0551
      7.0304       0.0592
      7.6162       0.0633
      8.2021       0.0675
      8.7880       0.0716
      9.3738       0.0757
      9.9597       0.0798
     10.5456       0.0839
     11.1314       0.0881
     11.7173       0.0922
     12.3032       0.0963
     12.8890       0.1004
     13.4749       0.1045
     14.0607       0.1087
     14.6466       0.1128
     15.2325       0.1169
     15.8183       0.1210
     16.4042       0.1252
     16.9901       0.1293
     17.5759       0.1334
     18.1618       0.1375
     18.7477       0.1416
     19.3335       0.1458
     19.9194       0.1499
     20.5053       0.1540
     21.0911       0.1581
     21.6770       0.1622

EXERCÍCIO 02
 a = 340.00 mm
 b = 250.00 mm
 δ =   0.15 mm

EXERCÍCIO 03
 Item b
 d =  85.00 mm
