EXERCÍCIO 01
Teste Tração 01
 L0 = 100.00 mm
 d0 =  10.00 mm
 A  =  78.46 mm² (no limite de proporcionalidade)
  Carga [kN]  Desloc [mm]
      0.0000       0.0000
      0.5083       0.0032
      1.0166       0.0063
      1.5249       0.0095
      2.0331       0.0127
      2.5414       0.0159
      3.0497       0.0190
      3.5580       0.0222
      4.0663       0.0254
      4.5746       0.0286
      5.0829       0.0317
      5.5911       0.0349
      6.0994       0.0381
      6.6077       0.0412
      7.1160       0.0444
      7.6243       0.0476
      8.1326       0.0508
      8.6409       0.0539
      9.1491       0.0571
      9.6574       0.0603
     10.1657       0.0634
     10.6740       0.0666
     11.1823       0.0698
     11.6906       0.0730
     12.1989       0.0761
     12.7071       0.0793
     13.2154       0.0825
     13.7237       0.0857
     14.2320       0.0888
     14.7403       0.0920
     15.2486       0.0952
     15.7569       0.0983
     16.2652       0.1015
     16.7734       0.1047
     17.2817       0.1079
     17.7900       0.1110
     18.2983       0.1142
     18.8066       0.1174
     19.3149       0.1206
     19.8232       0.1237
     20.3314       0.1269
     20.8397       0.1301
     21.3480       0.1332
     21.8563       0.1364
     22.3646       0.1396
     22.8729       0.1428
     23.3812       0.1459
     23.8894       0.1491
     24.3977       0.1523
     24.9060       0.1554
     25.4143       0.1586
     25.9226       0.1618
     26.4309       0.1650
     26.9392       0.1681

Teste Tração 02
 L0 = 100.00 mm
 d0 =  10.00 mm
  Carga [kN]  Desloc [mm]
      0.0000       0.0140
      0.7281       0.0185
      1.4562       0.0231
      2.1843       0.0276
      2.9123       0.0322
      3.6404       0.0367
      4.3685       0.0413
      5.0966       0.0458
      5.8247       0.0504
      6.5528       0.0549
      7.2809       0.0594
      8.0089       0.0640
      8.7370       0.0685
      9.4651       0.0731
     10.1932       0.0776
     10.9213       0.0822
     11.6494       0.0867
     12.3775       0.0913
     13.1055       0.0958
     13.8336       0.1003
     14.5617       0.1049
     15.2898       0.1094
     16.0179       0.1140
     16.7460       0.1185
     17.4740       0.1231
     18.2021       0.1276
     18.9302       0.1322
     19.6583       0.1367
     20.3864       0.1412
     21.1145       0.1458
     21.8426       0.1503
     22.5706       0.1549
     23.2987       0.1594
     24.0268       0.1640
     24.7549       0.1685
     25.4830       0.1730
     26.2111       0.1776
     26.9392       0.1821

EXERCÍCIO 02
 a = 345.00 mm
 b = 225.00 mm
 δ =   0.27 mm

EXERCÍCIO 03
 Item a
 b = 125.00 mm
