EXERCÍCIO 01
Teste Tração 01
 L0 = 100.00 mm
 d0 =  10.00 mm
 A  =  78.45 mm² (no limite de proporcionalidade)
  Carga [kN]  Desloc [mm]
      0.0000       0.0000
      0.4953       0.0035
      0.9906       0.0070
      1.4858       0.0105
      1.9811       0.0140
      2.4764       0.0175
      2.9717       0.0210
      3.4670       0.0245
      3.9623       0.0280
      4.4575       0.0315
      4.9528       0.0350
      5.4481       0.0385
      5.9434       0.0420
      6.4387       0.0455
      6.9339       0.0490
      7.4292       0.0526
      7.9245       0.0561
      8.4198       0.0596
      8.9151       0.0631
      9.4104       0.0666
      9.9056       0.0701
     10.4009       0.0736
     10.8962       0.0771
     11.3915       0.0806
     11.8868       0.0841
     12.3820       0.0876
     12.8773       0.0911
     13.3726       0.0946
     13.8679       0.0981
     14.3632       0.1016
     14.8585       0.1051
     15.3537       0.1086
     15.8490       0.1121
     16.3443       0.1156
     16.8396       0.1191
     17.3349       0.1226
     17.8301       0.1261
     18.3254       0.1296
     18.8207       0.1331
     19.3160       0.1366
     19.8113       0.1401
     20.3065       0.1436
     20.8018       0.1471
     21.2971       0.1506
     21.7924       0.1541
     22.2877       0.1577
     22.7830       0.1612
     23.2782       0.1647
     23.7735       0.1682
     24.2688       0.1717

Teste Tração 02
 L0 = 100.00 mm
 d0 =  10.00 mm
  Carga [kN]  Desloc [mm]
      0.0000       0.0125
      0.7138       0.0175
      1.4276       0.0226
      2.1414       0.0276
      2.8552       0.0327
      3.5689       0.0377
      4.2827       0.0428
      4.9965       0.0478
      5.7103       0.0529
      6.4241       0.0579
      7.1379       0.0630
      7.8517       0.0680
      8.5655       0.0731
      9.2792       0.0781
      9.9930       0.0832
     10.7068       0.0882
     11.4206       0.0933
     12.1344       0.0983
     12.8482       0.1034
     13.5620       0.1084
     14.2758       0.1135
     14.9896       0.1185
     15.7033       0.1236
     16.4171       0.1286
     17.1309       0.1337
     17.8447       0.1387
     18.5585       0.1438
     19.2723       0.1488
     19.9861       0.1539
     20.6999       0.1589
     21.4136       0.1640
     22.1274       0.1690
     22.8412       0.1740
     23.5550       0.1791
     24.2688       0.1841

EXERCÍCIO 02
 a = 305.00 mm
 b = 260.00 mm
 δ =   0.15 mm

EXERCÍCIO 03
 Item a
 b =  80.00 mm
